! ==================================================================
! QUIC-Fire ignition input file
! Format 5 - Interpolated path ignitions
! Total elapsed time: 10209.87 seconds
!
! Generated by DripTorch v0.8.2 on 2023-02-23T05:31:10.263926
! ==================================================================
igntype=5
&atvlist
natv=858
targettemp=1000.0
flamedistance=4.00
/
2071.3046766109765 4367.799354492687 2068.9185101224575 4357.990795535734 0.0 9.999999999961055
2066.53234309447 4348.182236808119 2064.1461755188648 4338.37367829727 19.99999999992211 29.999999999883684
2061.7600073975045 4328.565120005747 2059.373838735046 4318.756561939605 39.99999999984474 49.999999999805794
2056.987669525901 4308.948004091391 2054.601499770768 4299.139446464367 60.00000000023244 70.00000000019402
2052.215329474071 4289.33088905667 2049.829158631619 4279.522331872722 80.00000000015507 90.00000000011613
2047.442987246206 4269.713774912758 2045.0568153129425 4259.905218169093 100.0000000000772 110.00000000003826
2042.6706428371836 4250.096661648015 2040.284469817765 4240.288105352083 119.99999999999983 129.9999999999609
2037.898296250496 4230.479549267329 2035.51212214306 4220.670993408887 139.99999999992195 149.99999999988302
2033.1259474884719 4210.862437780015 2030.7397722909227 4201.053882363718 159.99999999984408 169.99999999980565
2028.3535965466872 4191.245327166747 2025.9674202585593 4181.436772199348 180.0000000002323 190.00000000019335
2023.5812434274703 4171.628217449877 2021.1950660534203 4161.8196629213635 200.00000000015442 210.000000000116
2018.8088881303556 4152.011108613806 2016.42270966433 4142.202554530231 220.00000000007705 230.0000000000381
2014.0365306548774 4132.394000660162 2011.6503511012997 4122.585447019665 239.99999999999918 249.99999999996024
2009.2641710024327 4112.77689360152 2006.877990360139 4102.968340398744 259.99999999992184 269.9999999998829
2004.4918091720901 4093.1597874197178 2002.105627441546 4083.351234665606 279.99999999984396 289.999999999805
1999.7194451668765 4073.5426821312867 1997.3332623450551 4063.7341298148967 300.0000000002317 310.00000000019327
1994.9470789800398 4053.925577721093 1992.5608950704336 4044.1170258549973 320.00000000015433 330.0000000001154
1990.174710615538 4034.3084742059 1987.7885256172158 4024.499922778923 340.00000000007645 350.000000000038
1985.4023400761653 4014.6913715770934 1983.0161539879628 4004.882820593426 359.9999999999991 369.99999999996015
1980.6299673581962 3995.0742698309477 1978.2437801812775 3985.265719293384 379.9999999999212 389.9999999998823
1986.3716637922917 3981.9192862710916 1995.9650062653236 3979.4735470907763 398.875097623023 408.8750976230298
2005.5583492044825 3977.0278073737863 2015.1516926058102 3974.582067112904 418.87509762303654 428.8750976230298
2024.7450364711694 3972.1363263081294 2034.3383808038197 3969.690584968077 438.87509762303654 448.8750976230433
2043.9317256014328 3967.244843087159 2053.525070862379 3964.79910066491 458.875097623021 468.87509762301426
2063.1184165875893 3962.353357700631 2072.7117627791595 3959.907614196418 478.875097623021 488.8750976230278
2082.3051094340626 3957.461870154133 2091.898456550436 3955.016125563998 498.875097623021 508.8750976230278
2101.4918041345663 3952.570380441146 2111.085152185755 3950.1246347757988 518.8750976230345 528.8750976230278
2120.6785006974824 3947.678888568189 2130.271849673474 3945.233141822275 538.8750976230347 548.8750976230415
2139.8651991134975 3942.787394531304 2149.4585490189493 3940.341646704823 558.8750976230192 568.8750976230125
2159.0518993912265 3937.895898337476 2168.6452502256725 3935.4501494290307 578.8750976230193 588.8750976230261
2175.5391070016194 3930.629522766918 2173.358630544273 3920.773372010328 597.351798609148 607.3517986089325
2171.178153538611 3910.9172214549035 2168.997675986495 3901.0610710890032 617.3517986091827 627.3517986089672
2166.817197888391 3891.2049209245015 2164.6367192440666 3881.348770949524 637.3517986092174 647.351798609002
2162.4562400507275 3871.492621174548 2160.27576031466 3861.636471593287 657.3517986087865 667.3517986090367
2158.095280028647 3851.7803222076036 2155.9147991996724 3841.9241730172653 677.3517986088212 687.3517986090715
2153.734317823546 3832.0680240308866 2151.5538359002676 3822.2118752317037 697.351798608856 707.3517986091061
2149.37335343007 3812.355726630427 2147.1928704108577 3802.49957821914 717.3517986088907 727.3517986091409
2145.012386847986 3792.6434300174005 2142.8319027398247 3782.787282001227 737.3517986089255 747.3517986091756
2140.6514180814847 3772.9311341776047 2138.4709328804165 3763.074986560736 757.3517986089602 767.3517986092104
2136.2904471307993 3753.218839133624 2134.1099608358927 3743.36269190209 777.351798608995 787.3517986092452
2131.9294739933684 3733.5065448645037 2129.748986607883 3723.650398032274 797.3517986090296 807.3517986088142
2127.5684986729175 3713.7942513884045 2125.3880101914983 3703.938104941277 817.3517986090644 827.351798608849
2123.20752116153 3694.081958685536 2121.0270315902308 3684.225812632125 837.3517986090991 847.3517986088837
2118.846541466657 3674.3696667742915 2116.6660508010536 3664.5135211132 857.3517986091339 867.3517986089184
2114.485559587367 3654.6573756448925 2112.305067829322 3644.8012303775176 877.3517986091687 887.3517986089531
2110.1245755234268 3634.9450853015296 2107.9440826717764 3625.0889404222835 897.3517986092033 907.3517986089879
2105.7635892750695 3615.23279574397 2103.5830953300465 3605.3766512612347 917.3517986092381 927.3517986090226
2101.4026008388028 3595.520506968256 2099.2221057994757 3585.66436287784 937.3517986088071 947.3517986090574
2097.0416102160234 3575.808218978811 2094.8611140863504 3565.952075280482 957.3517986088419 967.3517986090922
2092.680617411621 3556.0959317779634 2090.5001201878767 3546.2397884735838 977.3517986088766 987.3517986091268
2088.2300005990546 3536.4053531747777 2085.6460647324566 3526.6470154074486 997.3502979358511 1007.3502979355455
2083.0621283240616 3516.8886778806336 2080.4781913780607 3507.130340604577 1017.3502979357041 1027.3502979358627
2077.8942538909614 3497.3720035804436 2075.3103158588056 3487.6136667930987 1037.350297935556 1047.3502979357147
2072.7263772923034 3477.8553302590735 2070.1424381863326 3468.096993977204 1057.3502979358746 1067.3502979355678
2067.5584985350724 3458.3386579402722 2064.9745583490003 3448.580322151305 1077.3502979357265 1087.3502979358852
2062.3906176195014 3438.82198661007 2059.806676351931 3429.0636513151694 1097.3502979355785 1107.3502979357384
2057.222734543262 3419.3053162626456 2054.638792194659 3409.5469814620446 1117.350297935897 1127.3502979355903
2052.0548493044917 3399.7886469108053 2049.47090587602 3390.0303126045037 1137.350297935749 1147.3502979359077
2046.886961907614 3380.2719785489608 2044.303017399041 3370.5136447397526 1157.3502979356022 1167.3502979357609
2041.7190723482054 3360.755311181303 2039.1351267618593 3350.9969778691884 1177.3502979359196 1187.3502979356128
2036.5511806320865 3341.2386448036414 2033.967233963078 3331.480311987223 1197.3502979357716 1207.3502979359303
2031.3832867534366 3321.7219794173725 2028.7993390040938 3311.9636470980477 1217.3502979356247 1227.3502979357834
2026.2153907136526 3302.2053150222637 2023.6314418851398 3292.4469831944443 1237.350297935942 1247.3502979356354
2021.0474925166927 3282.6886516229715 2018.4635426085442 3272.9303202936426 1257.350297935794 1267.350297935954
2015.8795921579003 3263.1719892092515 2013.2956411696505 3253.413658377016 1277.3502979356472 1287.3502979358059
2010.711689639371 3243.655327794142 2008.1277375710197 3233.896997459 1297.3502979359646 1307.3502979356579
2005.5437849608716 3224.1386673743837 2002.9598318119533 3214.380337533541 1317.3502979358177 1327.3502979359764
2000.3758781247307 3204.622007937636 1997.7919238933828 3194.86367859249 1337.3502979356697 1347.3502979358284
1995.2079691218678 3185.1053494967055 1992.624013813911 3175.3470206542406 1357.350297935987 1367.3502979356815
1990.0400579657871 3165.5886920497287 1987.4561015784275 3155.8303637071513 1377.3502979358402 1387.3502979355335
1984.8721446488053 3146.0720356025267 1982.2881871787831 3136.313707747264 1397.3502979356922 1407.350297935851
1979.7042291699909 3126.5553801439237 1977.120270620333 3116.797052787151 1417.3502979355453 1427.350297935704
1974.536311533302 3107.0387256811373 1971.9523519040085 3097.280398822855 1437.3502979358627 1447.350297935556
1969.3683917366434 3087.522072209511 1966.7844310263172 3077.7637458441313 1457.3502979357147 1467.3502979358734
1964.2004697779194 3068.0054197348654 1961.6165079902858 3058.247093867976 1477.3502979355678 1487.3502979357265
1959.032545662718 3048.488768250216 1956.4485827959143 3038.730442886241 1497.3502979358852 1507.3502979355785
1953.8646193884779 3028.972117765574 1951.280655440176 3019.2137928928714 1517.3502979357372 1527.350297935897
1948.696690951474 3009.455468273489 1946.1127259237692 2999.697143899277 1537.3502979355903 1547.350297935749
1943.5287603565957 2989.9388197758235 1940.9447942487895 2980.180495898705 1557.3502979359077 1567.350297935601
1938.360827598488 2970.4221722707152 1935.7768604136072 2960.663848892087 1577.3502979357609 1587.3502979359196
1933.1928926894907 2950.9055257670116 1930.6089244193863 2941.14720288408 1597.3502979356128 1607.3502979357716
1928.0249556128401 2931.3888802574947 1925.4409862668253 2921.6305578702595 1617.3502979359303 1627.3502979356247
1922.857016379945 2911.872235736577 1920.2730459531303 2902.113913856214 1637.3502979357834 1647.350297935942
1917.689074988477 2892.3555922210217 1915.1051034831908 2882.597270832164 1657.3502979356354 1667.350297935794
1912.5211314389016 2872.8389496954624 1909.9371588528156 2863.080628809519 1677.3502979359528 1687.3502979356472
1907.353185728658 2853.3223081727047 1904.7692120613065 2843.563987779431 1697.3502979358059 1707.3502979359646
1902.1852378570475 2833.80566763971 1899.6012631140184 2824.0473477535415 1717.3502979356579 1727.3502979358166
1897.017287829658 2814.289028110914 1894.433312003268 2804.530708717648 1737.3502979359764 1747.3502979356697
1891.8493356416002 2794.7723895749077 1889.2653587381355 2785.014070680132 1757.3502979358284 1767.350297935987
1886.6813812933397 2775.2557520316914 1884.0974033069797 2765.497433634009 1777.3502979356804 1787.3502979358402
1881.5134247872047 2755.7391154926736 1874.7024138369597 2752.1150068442803 1797.3502979355335 1805.0755683405616
1865.0966319805011 2754.511522541521 1855.490850590868 2756.908037711866 1815.0755683405598 1825.075568340558
1845.88506966969 2759.3045523483306 1836.2792892130092 2761.7010664523114 1835.0755683405673 1845.0755683405655
1826.673509221524 2764.0975800277665 1817.067729697097 2766.494093069574 1855.0755683405748 1865.075568340573
1807.4619506369345 2768.8906055788975 1797.856172044063 2771.2871175582986 1875.0755683405712 1885.0755683405805
1788.250393917784 2773.683629005449 1778.6446162576322 2776.0801399243064 1895.0755683405787 1905.0755683405769
1769.03883906384 2778.4766503106803 1759.4330623389687 2780.8731601657346 1915.0755683405862 1925.0755683405844
1749.8272860762663 2783.269669487141 1740.2215102787595 2785.666178273037 1935.0755683405534 1945.0755683405628
1730.615734948311 2788.062686535064 1721.0099600877147 2790.4591942615807 1955.075568340561 1965.0755683405591
1711.4041856913827 2792.8557014628313 1701.7984117618762 2795.2522081257775 1975.0755683405685 1985.0755683405666
1692.192638296634 2797.648714256473 1682.586865301244 2800.0452198600397 1995.0755683405648 2005.0755683405741
1672.9810927696526 2802.4417249299586 1663.3753207027912 2804.838229468558 2015.0755683405723 2025.0755683405816
1653.7695491041522 2807.2347334746737 1644.16377797327 2809.6312369527295 2035.0755683405798 2045.075568340578
1634.5580073078163 2812.027739896672 1624.9522371108178 2814.4242423081305 2055.0755683405873 2065.0755683405564
1615.3464673783164 2816.8207441887353 1605.7406981121749 2819.2172455380205 2075.0755683405546 2085.075568340564
1596.134929312393 2821.613746356219 1586.5291609799024 2824.010246644728 2095.0755683405623 2105.0755683405605
1576.9233931151684 2826.406746400986 1567.317625715863 2828.8032456217334 2115.07556834057 2125.075568340568
1557.7118587854784 2831.199744312791 1548.1060923184268 2833.5962424697354 2135.0755683405664 2145.075568340576
1538.5003263184335 2835.9927400988527 1528.8945607868955 2838.3892371936236 2155.075568340574 2165.0755683405723
1519.2887957224157 2840.7857337633613 1509.6830311217345 2843.182229793165 2175.075568340582 2185.07556834058
1500.0772669920698 2845.5787252993323 1490.471503325738 2847.9752202683594 2195.0755683405605 2205.0755683405587
1480.8657401273958 2850.3717147079296 1471.259977394715 2852.7682086094283 2215.075568340557 2225.0755683405664
1461.6542151300237 2855.164701986825 1452.0484533337876 2857.5611948331352 2235.0755683405646 2245.0755683405628
1442.4426920025144 2859.957687145332 1432.836931138765 2862.3541789224837 2255.0755683405723 2265.0755683405705
1423.2311707432382 2864.750670169713 1413.6254108150024 2867.1471608916763 2275.0755683405687 2285.0755683405782
1404.0196513512637 2869.543651075568 1394.4138923557475 2871.9401407281402 2295.0755683405764 2305.0755683405746
1384.8081338277552 2874.3366298498586 1375.2023757661227 2876.7331184416544 2315.075568340584 2325.0755683405823
1365.5966181729455 2879.1296064953785 1355.9908610470593 2881.526094023837 2335.0755683405514 2345.075568340561
1346.3851043854374 2883.9225810167845 1336.7793481941335 2886.3190674872603 2355.075568340559 2365.0755683405687
1327.1735924694221 2888.7155534124468 1317.567837211769 2891.1120388121344 2375.075568340567 2385.075568340565
1307.9620824176818 2893.5085236821324 1298.3563280953094 2895.9050080184825 2395.0755683405746 2405.0755683405728
1288.7505742406938 2898.301491822116 1279.144820851041 2900.69797509606 2415.075568340571 2425.0755683405805
1269.5390679300763 2903.094457838917 1259.9333154771011 2905.4909400464967 2435.0755683405787 2445.075568340577
1250.327563490253 2907.8874217229895 1240.7218119683675 2910.2839028683957 2455.0755683405864 2465.0755683405555
1231.1160609188955 2912.680383482715 1221.5103103329893 2915.076863561524 2475.0755683405537 2485.075568340563
1211.9045602183323 2917.473343112273 1202.298810568871 2919.8698221333325 2495.0755683405614 2505.0755683405596
1192.6930613860022 2922.266300617717 1183.0873126732185 2924.6627785735764 2515.075568340569 2525.0755683405673
1173.481564427726 2927.0592559985816 1163.8758166490588 2929.4557328897063 2535.075568340577 2545.075568340575
1154.2700693344232 2931.8522092481144 1144.6643224915024 2934.248685071245 2555.075568340573 2565.075568340583
1135.0585761170369 2936.6451603691094 1125.4528302082326 2939.0416351300664 2575.075568340581 2585.075568340579
1115.847084764624 2941.4381093601696 1106.24133979436 2943.834583064541 2595.0755683405887 2605.0755683405578
1098.7957857681904 2942.494072659174 1096.2169673158787 2932.7344381806906 2612.6919885425878 2622.6919885426464
1093.638148322003 2922.974803945748 1091.0593287858646 2913.215169968782 2632.691988542704 2642.6919885422967
1088.4805087088607 2903.4555362395477 1085.901688088663 2893.695902756648 2652.6919885423545 2662.691988542412
1083.3228669264354 2883.936269524507 1080.7440452261362 2874.176636540098 2672.69198854247 2682.6919885425277
1078.1652229810134 2864.4170038050506 1075.586400193395 2854.657371319132 2692.6919885425855 2702.6919885426432
1073.0075768660754 2844.897739083972 1070.4287529971916 2835.1381071009673 2712.691988542701 2722.6919885422944
1067.8499285841826 2825.3784753642976 1065.2711036326364 2815.6188438783865 2732.691988542352 2742.69198854241
1062.6922781383619 2805.859212644631 1060.1134521018248 2796.0995816586073 2752.6919885424677 2762.6919885425255
1057.5346255253535 2786.3399509231094 1054.9557984054554 2776.580320432782 2772.691988542583 2782.691988542641
1052.376970741665 2766.8206901960075 1049.7981425414328 2757.0610602125525 2792.6919885426987 2802.6919885422913
1047.2193137959111 2747.3014304686803 1044.640484510688 2737.541800985113 2812.691988542349 2822.6919885424068
1042.061654682504 2727.782171748113 1039.4828243162483 2718.0225427604746 2832.6919885424654 2842.691988542523
1036.9039934033062 2708.262914023362 1034.3251619522925 2698.5032855342142 2852.691988542581 2862.6919885426387
1031.7463299564552 2688.743657294195 1029.1674974206835 2678.9840293049347 2872.6919885426964 2882.691988542289
1026.5886643454432 2669.22440156783 1024.0098307281733 2659.4647740812507 2892.6919885423467 2902.6919885424045
1021.4309965635184 2649.705146842636 1018.8521618628874 2639.9455198517535 2912.6919885424622 2922.69198854252
1016.2733266183641 2630.1858931144234 1013.6944908353034 2620.426266632043 2932.6919885425777 2942.6919885426364
1011.1156545102131 2610.666640391806 1008.536817638902 2600.9070144020952 2952.691988542694 2962.6919885422867
1005.9579802320804 2591.1473886647727 1003.3791422818322 2581.387763182167 2972.6919885423445 2982.691988542402
1000.8003037860617 2571.628137937514 998.2214647533838 2561.8685129520018 2992.69198854246 3002.6919885425177
995.6426251758821 2552.108888218645 993.0637850577477 2542.349263731623 3012.6919885425755 3022.691988542633
990.4849444008432 2532.589639489772 987.9061032007448 2522.830015512649 3032.691988542691 3042.6919885422844
985.3272614583839 2513.07039177767 982.7484191737603 2503.3107682920527 3052.691988542342 3062.6919885424
980.1695763492025 2493.551145056961 977.590732982615 2483.791522074025 3072.6919885424577 3082.6919885425154
975.0118890744634 2474.0318993418477 972.4330446261447 2464.272276860429 3092.691988542573 3102.691988542631
969.8541996343993 2454.512654625112 967.2753541038837 2444.753032644978 3112.6919885426887 3122.6919885422813
964.6965080285445 2434.993410912575 962.117661413271 2425.233789430931 3132.691988542339 3142.6919885423968
959.5388142580632 2415.47416820121 956.9599665575661 2405.7145472250413 3152.6919885424554 3162.691988542513
954.381118319463 2395.9549264926463 951.8022695360705 2386.195306016365 3172.691988542571 3182.6919885426287
949.2234202146064 2376.4356857880484 946.6445703513455 2366.6760658132844 3192.6919885426864 3202.691988542279
944.0657199458219 2356.916446087649 941.4868690015282 2347.1568266155664 3212.6919885423367 3222.6919885423945
938.9080175112467 2337.3972073914483 936.3291654810309 2327.637588416459 3232.6919885424522 3242.69198854251
933.7503129101824 2317.8779696964193 931.1714597984683 2308.1183512241114 3252.6919885425687 3262.6919885426264
928.5926061440259 2298.358733001165 926.0137519480195 2288.5991150317714 3272.691988542684 3282.6919885422767
923.4348972097505 2278.8394973115064 920.8560419310816 2269.079879847588 3292.6919885423345 3302.691988542392
918.277186112944 2259.3202626288403 915.6983297530096 2249.5606456620153 3312.69198854245 3322.6919885425077
913.1194728519768 2239.801028948743 910.5406154061202 2230.041412487626 3332.6919885425655 3342.691988542623
907.9617574212607 2220.28179627005 905.3828988941386 2210.5221803116146 3352.691988542681 3362.6919885422744
902.8040398266166 2200.762564602541 900.2251802182291 2191.0029491481837 3372.691988542332 3382.69198854239
897.6463200682774 2181.2433339389972 892.196735376725 2175.262268255232 3392.6919885424477 3400.7426180422117
882.5869687995873 2177.642596046673 872.9772026892751 2180.022923309589 3410.7426180422217 3420.742618042213
863.3674370523077 2182.4032500486355 853.7576718805358 2184.7835762563627 3430.742618042223 3440.7426180422144
844.147907177452 2187.163901937427 834.538142942125 2189.5442270874046 3450.7426180422244 3460.742618042216
824.9283791778143 2191.9245517132804 815.3186158810277 2194.3048758096993 3470.742618042226 3480.742618042217
805.7088530536275 2196.6851993806195 796.0990906965453 2199.065522414632 3490.742618042227 3500.7426180422185
786.4893288058229 2201.4458449333906 776.8795673851855 2203.826166912215 3510.7426180421994 3520.74261804222
767.2698064316064 2206.2064883688 757.6600459481124 2208.5868092968594 3530.742618042201 3540.7426180422212
748.0502859347034 2210.967129696859 738.4405263902154 2213.347449572757 3550.742618042202 3560.7426180422226
728.830767310923 2215.727768918965 719.2210087031126 2218.1080877326895 3570.7426180422035 3580.742618042224
709.6112505656201 2220.488406019751 700.001492895186 2222.868723775493 3590.742618042205 3600.7426180422253
690.3917356966995 2225.24904101016 680.7819789650384 2227.6293577151373 3610.7426180422062 3620.7426180422267
671.172222704161 2230.009673893219 661.5624669068493 2232.3899895388167 3630.7426180422076 3640.742618042228
651.9527115845121 2234.7703046563547 642.3429567308631 2237.150619249791 3650.742618042209 3660.7426180422003
632.7332023442723 2239.5309333147015 623.1234484275337 2241.9112468501553 3670.7426180422103 3680.7426180422017
613.5136949811131 2244.291559858946 603.903942002682 2246.6718723336235 3690.7426180422117 3700.742618042203
594.294189494336 2249.05218429002 584.6844374558423 2251.4324957109056 3710.742618042213 3720.7426180422044
575.0746858872008 2253.8128066037316 565.4649347844534 2256.1931169738527 3730.7426180422144 3740.742618042206
555.8551841543522 2258.5734268059023 546.2454339908436 2260.953736121068 3750.742618042216 3760.742618042207
536.6356842988171 2263.334044900723 527.0259350787383 2265.714353156509 3770.742618042217 3780.7426180422085
517.4161863219924 2268.0946608784143 507.80643804115243 2270.474968079012 3790.7426180422185 3800.74261804221
498.19669022527523 2272.8552747499198 488.5869428804144 2275.235580891371 3810.74261804222 3820.7426180422112
478.97719600377604 2277.6158865015022 469.3674495979212 2279.9961915877648 3830.742618042192 3840.7426180422126
459.75770366261713 2282.3764961443376 450.14795819693245 2284.7568001698237 3850.7426180421935 3860.742618042214
440.53821319830604 2287.137103671208 430.92846867395565 2289.5174066459294 3870.742618042195 3880.7426180422153
421.3187246157322 2291.8977090865374 411.7089810264297 2294.2780110018793 3890.742618042196 3900.7426180422167
402.0992379083764 2296.6583123875316 392.4894952594768 2299.038613244891 3910.7426180421976 3920.742618042218
382.879753081128 2301.418913576752 373.27001137356274 2303.799213383347 3930.742618042199 3940.7426180422194
363.6602701335214 2306.179512655828 354.0505293668248 2308.5598114044406 3950.7426180422003 3960.742618042221
344.44078906741925 2310.9401096205693 334.8310492390301 2313.3204073084053 3970.7426180422017 3980.742618042222
325.22130987839773 2315.7007044735365 315.6115709899459 2318.08100110339 3990.742618042203 4000.7426180421944
306.0018325697165 2320.4612972023897 296.39209462027065 2322.8415927842725 4010.7426180422044 4020.7426180421958
286.7823571411427 2325.2218878350686 277.17262013233267 2327.602182351984 4030.742618042206 4040.742618042197
267.5628835929092 2329.9824763447978 257.95314752380364 2332.3627698079217 4050.742618042207 4060.7426180421985
248.3434119245503 2334.743062737398 238.7336767958477 2337.1233551453333 4070.7426180422085 4080.7426180422
229.12394213862717 2339.503647022415 219.51420795032755 2341.883938369807 4090.74261804221 4100.742618042202
209.904474230716 2344.264229190303 200.29474098491482 2346.64451948693 4110.742618042212 4120.7426180422035
190.6850082045421 2349.024809250841 181.07527589565143 2351.4050984825008 4130.7426180422135 4140.742618042205
171.4655440589413 2353.785387191456 161.8558126941789 2356.165675374912 4150.742618042215 4160.742618042207
152.2460817983374 2358.5459630244877 142.63635137025267 2360.9262501457706 4170.742618042188 4180.742618042209
133.02662141434848 2363.306536735967 123.41689193085767 2365.686822805088 4190.74261804219 4200.742618042211
113.8071629141923 2368.0671083403286 106.1362603569869 2367.06520150858 4210.742618042192 4218.536219184308
103.47253622603603 2357.328504273435 100.80881155026145 2347.591807295801 4228.53621918454 4238.536219184308
98.14508633106016 2337.8551105819643 95.48136057308875 2328.118414131226 4248.536219184541 4258.536219184307
92.81763427541591 2318.381717939861 90.15390743338503 2308.6450220202096 4268.53621918454 4278.536219184308
87.49018005188555 2298.9083263585344 84.8264521250967 2289.171630951576 4288.536219184541 4298.536219184307
82.16272366046906 2279.4349358153995 79.49899465264753 2269.6982409423217 4308.53621918454 4318.536219184308
76.83526510326192 2259.9615463286173 74.1715350120794 2250.2248519782443 4328.53621918454 4338.536219184308
71.50780438259244 2240.4881578928325 68.8440732092131 2230.7514640663285 4348.536219184541 4358.536219184309
66.18034149357118 2221.0147705019917 63.51660923776217 2211.2780772026163 4368.536219184541 4378.536219184309
60.852876441320404 2201.541384169366 58.189143100054935 2191.8046913938597 4388.536219184542 4398.53621918431
55.52540922281332 2182.0679988844786 52.86167479888536 2172.331306634471 4408.536219184542 4418.53621918431
50.197939834557474 2162.5946146491915 47.53420433169231 2152.8579229302704 4428.5362191845425 4438.536219184309
44.87046828493476 2143.121231471887 42.2067316963803 2133.3845402754378 4448.536219184542 4458.53621918431
39.54299456975423 2123.64784934395 36.87925689574331 2113.911158668576 4468.5362191845425 4478.536219184309
34.21551868598908 2104.1744682611898 31.55177993280813 2094.4377781169023 4488.536219184542 4498.53621918431
28.888040635734797 2084.7010882333852 26.224300800589845 2074.9643986176234 4508.536219184542 4518.53621918431
23.560560422716662 2065.227709265193 20.896819504676387 2055.491020174697 4528.5362191845425 4538.5362191843105
18.233078045072034 2045.7543313433416 15.569336041109636 2036.0176427811384 4548.5362191845425 4558.5362191843105
12.905593499774113 2026.2809544780757 10.241850415011868 2016.5442664413713 4568.536219184543 4578.53621918431
7.578106787987053 2006.8075786607806 4.914362621493638 1997.070891149575 4588.5362191845425 4598.5362191843105
3.194303077412769 1987.8998241887894 12.804033985361457 1985.5195381126832 4607.780559349891 4617.780559349894
22.413765361066908 1983.1392515082844 32.02349720872007 1980.7589643786196 4627.780559349909 4637.780559349883
41.63322952669114 1978.3786767204292 51.24296231684275 1975.9983885411639 4647.780559349887 4657.7805593499015
60.85269557707943 1973.618099823827 70.4624293083325 1971.2378105851822 4667.780559349905 4677.780559349891
80.07216350850649 1968.8575208154507 89.68189817876555 1966.4772305218503 4687.780559349894 4697.780559349909
99.29163332236931 1964.0969397011213 108.901368933497 1961.7166483495384 4707.780559349883 4717.780559349898
118.5111050165724 1959.3363564726897 128.12084157019854 1956.9560640687123 4727.7805593499015 4737.780559349887
137.73057859460823 1954.575771136675 147.34031608747318 1952.1954776747152 4747.780559349891 4757.780559349905
156.95005405251868 1949.8151836888865 166.55979248834774 1947.4348891736008 4767.780559349909 4777.780559349883
176.1695313951932 1945.0545941325836 185.77927076956257 1942.6742985676974 4787.780559349898 4797.7805593499015
195.38901061401702 1940.2940024689306 204.9987509327475 1937.913705846062 4807.780559349887 4817.780559349891
214.6084917190019 1935.5334086907096 224.21823297580704 1933.1531110142823 4827.780559349905 4837.78055934988
233.8279747015331 1930.7728128095623 243.43771689734422 1928.3925140707288 4847.780559349894 4857.780559349898
253.04745956673287 1926.012214815244 262.65720270667225 1923.6319150284398 4867.780559349912 4877.780559349887
272.2669463129714 1921.2516147121787 281.8766903912183 1918.8713138690218 4887.7805593499015 4897.780559349905
291.48643493955024 1916.4910125017632 301.09617995657027 1914.1107106048148 4907.78055934988 4917.780559349894
310.70592544414103 1911.7304081784096 320.31567140389234 1909.3501052248757 4927.780559349898 4937.780559349912
329.92541783233173 1906.9698017504998 339.53516473039053 1904.5894977420103 4947.780559349887 4957.7805593499015
349.14491209597327 1902.209193205228 358.75465993676335 1899.828888147371 4967.780559349905 4977.780559349891
368.3644082425162 1897.448582561221 377.9741570223123 1895.0682764481753 4987.780559349894 4997.780559349909
387.5839062689338 1892.68796980544 397.193655987503 1890.3076626360416 5007.780559349883 5017.780559349898
406.803406172432 1887.9273549355567 416.41315683093853 1885.5470467137638 5027.7805593499015 5037.780559349916
426.022907958366 1883.1667379636783 435.6326595528517 1880.786428682506 5047.780559349891 5057.780559349894
445.2424116204493 1878.406118878862 454.85216415673494 1876.025808542734 5067.780559349909 5077.780559349883
464.46191716147587 1873.6454976839013 474.07167063630186 1871.2651862984058 5087.780559349898 5097.7805593499015
483.68142458354123 1868.8848743857816 493.2911789971404 1866.5045619423036 5107.780559349887 5117.780559349891
502.9009338808246 1864.1242489719298 512.5106892329641 1861.7439354774542 5127.780559349905 5137.780559349909
522.120445060078 1859.3636214563157 531.7302013514563 1856.9833069040906 5147.780559349894 5157.780559349898
541.3399581140839 1854.6029918277636 550.9497153437696 1852.222676223144 5167.780559349912 5177.780559349887
560.5594730463345 1849.8423600902315 570.1692312161904 1847.4620434320532 5187.780559349891 5197.780559349905
579.7789898545016 1845.081726245582 589.3887489663903 1842.7014085350093 5207.78055934988 5217.780559349894
598.9985085444059 1840.3210902933497 608.6082685911097 1837.9407715250272 5227.780559349898 5237.780559349912
618.2180291081313 1835.560452229809 627.8277900961693 1833.180132410489 5247.780559349887 5257.7805593499015
637.4375515526626 1830.7998120642733 647.0473134771455 1828.4194911844097 5267.780559349905 5277.780559349891
656.6570758721791 1826.0391697832383 666.2668387347367 1823.6588478523772 5287.780559349894 5297.780559349909
675.8766020680778 1821.2785253960174 685.4863658719696 1818.8982024141587 5307.780559349883 5317.780559349887
695.0961301417556 1816.5178789028432 704.705894879764 1814.137554864632 5327.7805593499015 5337.780559349905
714.3156600904185 1811.757230298128 723.9254257676657 1809.376905206358 5347.780559349891 5357.780559349894
733.5351919156965 1806.9965795874596 743.144958532881 1804.6162534446921 5367.780559349909 5377.780559349883
752.7547256178223 1802.2359267724678 762.3644931721501 1799.85559956613 5387.780559349898 5397.7805593499015
771.9742611942347 1797.4752718398813 781.5840296850074 1795.0949435869697 5407.780559349887 5417.780559349891
791.1937986465637 1792.7146148043685 792.689832390286 1784.693182494957 5427.780559349905 5435.892148283927
790.1069364070427 1774.934640645748 787.5240398827009 1765.1760990472976 5445.89214828398 5455.892148284032
784.9411428160965 1755.417557704961 782.3582452095579 1745.659016609192 5465.892148284086 5475.892148284139
779.7753470628522 1735.9004757769872 777.1924483764451 1726.1419351908844 5485.892148283726 5495.892148283779
774.6095491468441 1716.383394859964 772.0266493780073 1706.6248547823634 5505.892148283831 5515.892148283884
769.4437490662094 1696.8663149499334 766.860848214943 1687.107775378041 5525.892148283937 5535.8921482839905
764.27794681862 1677.3492360566743 761.6950448867865 1667.590696991887 5545.892148284043 5555.892148284096
759.1121424098965 1657.8321581790224 756.5292393956333 1648.0736196152866 5565.892148284149 5575.892148283736
753.9463358360808 1638.3150813039392 751.3634317403194 1628.5565432542935 5585.892148283789 5595.892148283842
748.7805270988028 1618.7980054456275 746.1976219196804 1609.03946790169 5605.892148283895 5615.892148283948
743.6147161978297 1599.280930602923 741.0318099369761 1589.5223935632966 5625.8921482840005 5635.892148284053
738.4489031315316 1579.763856770005 735.8659957898781 1570.005320237251 5645.892148284106 5655.892148284159
733.283087903168 1560.2467839510646 730.7001794772223 1550.4882479223888 5665.892148283747 5675.8921482837995
728.1172705097124 1540.7297121430747 725.5343610029668 1530.971176621737 5685.892148283852 5695.892148283905
722.9514509500004 1521.2126413492952 720.3685403619893 1511.4541063334327 5705.892148283958 5715.892148284011
717.7856292307843 1501.6955715697259 715.2027175603434 1491.9370370635297 5725.892148284064 5735.892148284117
712.6198053469416 1482.1785028052982 710.036892592907 1472.4199688048102 5745.89214828417 5755.892148283757
707.4539792989381 1462.6614350536838 704.8710654638708 1452.902901560301 5765.89214828381 5775.892148283862
702.2881510846782 1443.1443683174439 699.7052361690439 1433.3858353253454 5785.892148283915 5795.892148283969
697.1223207083531 1423.6273025851697 694.5394047116861 1413.8687701085582 5805.8921482840215 5815.892148284074
691.9564881701954 1404.1102378785145 689.3735710899346 1394.3517059059814 5825.892148284127 5835.89214828418
687.1779551680665 1384.82801710465 696.7920614702161 1382.465230381349 5845.5741737478165 5855.574173747822
706.4061682391912 1380.1024431381375 716.0202754784841 1377.7396553766448 5865.5741737478365 5875.574173747813
725.6343831897248 1375.3768670840655 735.2484913668595 1373.0140782659873 5885.574173747827 5895.574173747833
744.8626000133809 1370.6512889268342 754.4767091299873 1368.2884990677703 5905.574173747818 5915.574173747824
764.0908187171444 1365.9257086820435 773.7049287727568 1363.5629177708179 5925.574173747838 5935.574173747815
783.3190392979886 1361.2001263385173 792.9331502916757 1358.837334380718 5945.574173747829 5955.574173747844
802.5472617547493 1356.4745419018436 812.1613736867439 1354.1117488960735 5965.57417374782 5975.574173747835
821.7754860862624 1351.7489553703927 831.3895989572629 1349.3861613208428 5985.57417374784 5995.574173747826
841.0037122969516 1347.0233667443972 850.6178261055611 1344.6605716454796 6005.574173747831 6015.5741737478165
860.2319403828587 1342.2977760196663 869.8460551276803 1339.9349798725452 6025.574173747822 6035.5741737478365
879.4601703446824 1337.5721832029521 889.0742860289756 1335.209386010887 6045.574173747813 6055.574173747827
898.6884021814913 1332.8465882919263 908.3025188036263 1330.4837900502607 6065.574173747833 6075.574173747818
917.9166358935181 1328.1209912861232 927.5307534553576 1325.7581919992808 6085.574173747824 6095.574173747838
937.1448714837898 1323.3953921855427 946.7589899816085 1321.0325918493327 6105.574173747815 6115.574173747829
956.3731089497451 1318.6697909920476 965.987228382146 1316.3069896064699 6125.574173747835 6135.57417374782
975.6013482883573 1313.9441877065692 985.2154686592985 1311.5813852730207 6145.574173747835 6155.574173747811
994.8295894996263 1309.2185823153704 1004.4437108105049 1306.8557788422331 6165.574173747826 6175.574173747831
1014.0578325889073 1304.492974840803 1023.6719548376277 1302.1301703166682 6185.5741737478165 6195.574173747822
1033.286077552475 1299.7673652702942 1042.9002007348463 1297.4045596939977 6205.5741737478365 6215.574173747813
1052.514324391028 1295.0417535994202 1062.1284485114738 1292.67894697655 6225.574173747827 6235.574173747833
1071.7425731020048 1290.3161398409866 1081.3566981614567 1287.9533321771305 6245.574173747818 6255.574173747824
1090.9708236872684 1285.5905239849817 1100.584949683398 1283.227715270361 6265.574173747838 6275.574173747815
1110.1990761479829 1280.8649060332682 1119.8132030803245 1278.5020962748677 6285.574173747829 6295.574173747806
1129.4273304804228 1276.1392859895714 1139.0414583492093 1273.776475184597 6305.57417374782 6315.574173747835
1148.6555866880808 1271.413663856918 1158.2697154937778 1269.050852001179 6325.574173747811 6335.574173747826
1167.8838447683956 1266.6880396269262 1177.497974509839 1264.3252267232165 6345.574173747831 6355.5741737478165
1187.1121047195047 1261.962413296802 1196.7262353973929 1259.5995993476827 6365.574173747822 6375.5741737478365
1206.3403665437363 1257.2367848746944 1215.9544981608633 1254.8739698817953 6385.574173747813 6395.574173747827
1225.5686302436516 1252.5111543650273 1235.1827627953608 1250.1483383243904 6405.574173747833 6415.574173747818
1244.7968958138954 1247.7855217580218 1254.4110293029808 1245.4227046663873 6425.574173747824 6435.574173747809
1264.0251632572617 1243.0598870578688 1273.6392976830248 1240.6970689210575 6445.574173747815 6455.574173747829
1283.2534325742163 1238.3342502673622 1292.8675679345615 1235.9714310825802 6465.574173747806 6475.57417374782
1302.4817037617322 1233.6086113778874 1312.0958400568925 1231.2457911479287 6485.574173747826 6495.574173747811
1321.7099768195767 1228.8829703910742 1331.324114052346 1226.5201491173357 6505.574173747826 6515.574173747831
1340.9382517519407 1224.1573273222893 1350.5523899213877 1221.7945049991831 6525.5741737478165 6535.574173747822
1360.166528553702 1219.4316821491811 1369.7806676558685 1217.0688587778714 6545.5741737478365 6555.574173747813
1379.3948072276544 1214.7060348896775 1389.0089472667314 1212.3432104720268 6565.574173747827 6575.574173747804
1398.6230877721682 1209.9803855316713 1408.2372287460603 1207.617560074199 6585.574173747818 6595.574173747824
1417.8513701860793 1205.2547340830788 1427.4655120973475 1202.8919075776357 6605.574173747809 6615.574173747815
1437.079654474277 1200.5290805455297 1446.6937973177992 1198.166252982337 6625.574173747829 6635.574173747806
1456.3079406314064 1195.8034249092452 1465.9220844092779 1193.44059630204 6645.57417374782 6655.574173747826
1475.5362286581658 1191.0777671781834 1485.1503733720165 1188.7149375260342 6665.574173747811 6675.574173747826
1494.7645185543224 1186.352107358398 1504.3786642013583 1183.989276659442 6685.574173747831 6695.5741737478165
1513.992810321506 1181.6264454410411 1523.6069569059182 1179.2636136999354 6705.574173747822 6715.574173747807
1533.221103958087 1176.90078142914 1542.8352514773142 1174.5379486456513 6725.574173747813 6735.574173747827
1552.449399464298 1172.175115332473 1562.0635479181074 1169.812281493796 6745.574173747804 6755.574173747818
1571.677696840139 1167.4494471398648 1581.2918462282978 1165.086612256011 6765.574173747824 6775.574173747809
1590.9059960851446 1162.7237768482883 1600.5201464081183 1160.3609409206547 6785.574173747815 6795.574173747829
1610.134297197219 1157.9981044691522 1619.748448456172 1155.6352674923837 6805.574173747806 6815.57417374782
1629.3626001805533 1153.2724299957044 1638.9767523738556 1150.9095919735264 6825.574173747826 6835.574173747811
1648.5909050325863 1148.5467534316704 1658.2050581623334 1146.1839143685065 6845.574173747826 6855.574173747802
1667.8192117542494 1143.8210747716948 1677.4333658122923 1141.4582346577663 6865.5741737478165 6875.574173747822
1687.0475203418173 1139.095394018339 1696.661675334908 1136.7325528578367 6885.574173747807 6895.574173747813
1706.2758307957556 1134.3697111734655 1715.8899867262226 1132.0068689677864 6905.574173747827 6915.574173747804
1725.504143122118 1129.6440262380056 1735.1182999853045 1127.2811829871498 6925.574173747818 6935.574173747824
1744.7324573139194 1124.918339209631 1754.3466151100583 1122.5554949122015 6945.574173747809 6955.574173747815
1763.960773373954 1120.1926500892732 1773.574932106072 1117.82980474527 6965.574173747829 6975.574173747806
1783.189091301756 1115.466958872974 1792.8032509658951 1113.104112479603 6985.57417374782 6995.574173747826
1802.417411096627 1110.741265566321 1812.0315716937184 1108.3784181261435 7005.574173747811 7015.5741737478165
1821.6457327564713 1106.0155701693147 1831.2598942862824 1103.6527216797695 7025.574173747802 7035.5741737478165
1840.8740562836174 1101.2898726733401 1850.4882187494077 1098.9270231472328 7045.574173747822 7055.574173747807
1860.102381679928 1096.5641730928328 1869.7165450786706 1094.201322517125 7065.574173747813 7075.574173747827
1879.3307089416776 1091.8384714133572 1888.9448732698802 1089.4756197913084 7085.574173747804 7095.574173747818
1898.559038069332 1087.1127676493488 1908.1732033330481 1084.7499149804935 7105.574173747824 7115.574173747809
1917.7873690598644 1082.3870617849752 1927.4015352581628 1080.0242080709431 7125.574173747815 7135.574173747829
1937.0157019207254 1077.661353835836 1946.6298690512776 1075.2984990766272 7145.574173747806 7155.57417374782
1956.2440366481896 1072.9356437863316 1965.8582047095988 1070.5727879849728 7165.5741737477965 7175.574173747811
1975.4723732394632 1068.2099316536915 1985.0865422331262 1065.8470747971442 7185.5741737478165 7195.574173747802
1994.7007116940804 1063.4842174251098 2004.3148816227913 1061.1213595247827 7205.5741737478165 7215.574173747822
2013.9290520153008 1058.7585011019837 2023.543222877197 1056.3956421592738 7225.574173747807 7235.574173747813
2033.1573942017276 1054.0327826882713 2042.7715659937821 1051.6699227017816 7245.574173747827 7255.574173747804
2052.385738251498 1049.307062185835 2061.999910979299 1046.944201145554 7265.574173747818 7275.574173747824
2071.61408416857 1044.5813395900186 2081.228257824667 1042.2184775047936 7285.574173747809 7295.574173747815
2090.8424319494516 1039.8556149038486 2100.4566065389663 1037.4927517734468 7305.5741737478 7315.574173747806
2110.070781593444 1035.1298881245311 2119.684957114281 1032.7670239503495 7325.57417374782 7335.5741737477965
2129.2991331021767 1030.4041592548601 2138.9133095545694 1028.0412940313108 7345.574173747811 7355.5741737478165
2148.5274864754174 1025.6784282878507 2158.1416638607625 1023.3155620247126 7365.574173747802 7375.574173747807
2167.755841711536 1020.9526952318847 2177.3700200275052 1018.589827920543 7385.574173747822 7395.574173747807
2186.9841988105327 1016.2269600869622 2196.5983780606184 1013.8640917290468 7405.574173747813 7415.574173747827
2206.212557775667 1011.5012228544801 2215.82673795335 1009.138353447197 7425.574173747804 7435.574173747818
2225.440918602282 1006.7754835244268 2235.0550997140817 1004.4126130749937 7445.574173747795 7455.574173747809
2244.669281288283 1002.049742098432 2254.2834633335005 999.6868706080131 7465.574173747815 7475.5741737478
2263.8976458443794 997.3239985906985 2273.5118288183585 994.961126050679 7485.574173747806 7495.57417374782
2283.093205625424 992.469566059066 2292.6651349989697 989.940951589495 7505.57392578647 7515.573925786461
2302.2370648372453 987.4123365760315 2311.8089951395523 984.8837210258935 7525.573925786463 7535.573925786454
2321.380925904028 982.3551049302332 2330.952857129043 979.8264882925432 7545.573925786457 7555.573925786477
2340.5247888194863 977.2978711051401 2350.0967209707014 974.7692533808295 7565.573925786451 7575.573925786471
2359.6686535882764 972.2406351128593 2369.2405866631307 969.7120162984356 7585.573925786473 7595.573925786464
2378.812520204112 967.1833969426807 2388.3844542079605 964.6547770446632 7605.573925786467 7615.573925786458
2397.9563886749092 962.1261566041503 2407.5283236000687 959.5975356199779 7625.573925786461 7635.573925786481
2417.100258992985 957.068914094707 2426.6721948485356 954.5402920241468 7645.573925786454 7655.573925786474
2436.244131165091 952.0116694110911 2445.8160679419525 949.483046254376 7665.573925786477 7675.573925786468
2455.3880051826127 946.9544225551654 2464.9599428882357 944.4257983120624 7685.573925786471 7695.573925786462
2474.531881055562 941.8971735280938 2484.103819686221 939.3685482030269 7705.573925786464 7715.573925786484
2493.675758776255 936.8399223284796 2503.2476983303204 934.3112959142309 7725.573925786458 7735.573925786478
2512.8196383481845 931.7826689591166 2522.391578826122 929.2540414559189 7745.573925786481 7755.573925786472
2531.9635197683237 926.7254134146497 2541.535461170599 924.196784828091 7765.573925786474 7775.573925786465
2551.1074030385353 921.668155703228 2560.6793453660794 919.1395260302816 7785.573925786468 7795.573925786488
2570.2512881541625 916.6108958136756 2579.823231407441 914.0822650587652 7805.573925786462 7815.573925786464
2589.395175124053 911.5536337613594 2598.9671193012036 909.0250019161031 7825.573925786484 7835.573925786458
2608.5390639412217 906.4963695269544 2618.1110090406146 903.9677365967073 7845.573925786478 7855.573925786452
2627.6829546049703 901.4391031269915 2637.2549006335903 898.9104691161774 7865.573925786472 7875.573925786474
2646.8268471222837 896.38183455728 2656.398794069886 893.8531994544901 7885.573925786465 7895.573925786468
2665.9707414836157 891.3245638094377 2675.542689358117 888.7959276274778 7905.573925786488 7915.573925786462
2685.114637693856 886.2672908990644 2694.6865864922293 883.7386536251288 7925.573925786482 7935.573925786455
2704.2585357516073 881.2100158147514 2713.83048547362 878.6813774546608 7945.573925786475 7955.573925786478
2723.402435658034 876.1527385551017 2732.9743863067124 873.6240991130471 7965.573925786469 7975.573925786472
2742.5463374119718 871.0954591284972 2752.118288982194 868.5668186016846 7985.573925786492 7995.573925786465
2761.6902410150506 866.0381775253918 2771.2621935082134 863.5095359121915 8005.573925786485 8015.573925786459
2780.834146464709 860.9808937609196 2790.40609988058 858.4522510559764 8025.573925786479 8035.573925786482
2799.978053761646 855.9236078197137 2809.550008099526 853.3949640314095 8045.5739257864725 8055.573925786475
2819.121962900739 850.8663197034039 2828.693918163888 848.3376748342998 8065.573925786495 8075.573925786469
2838.265873892233 845.8090294229332 2847.8378300771583 843.2803834660444 8085.573925786489 8095.5739257864625
2857.4097867286764 840.7517369671259 2866.981743835844 838.2230899254791 8105.5739257864825 8115.573925786485
2876.5537014107686 835.6944423457608 2886.125659444835 833.165794217959 8125.573925786476 8135.573925786479
2895.697617937578 830.6371455451008 2905.2695768955164 828.108496338129 8145.573925786499 8155.5739257864725
2914.841536313528 825.57984658028 2924.4134961930104 823.0511962855235 8165.5739257864925 8175.573925786466
2933.9854565346614 820.5225454471074 2943.557417337084 817.9938940692227 8185.573925786486 8195.573925786488
2953.129378597485 815.465242138831 2962.701340324711 812.9365896731615 8205.573925786479 8215.57392578648
2972.2733025120106 810.4079366649967 2981.8452651589178 807.8792831101455 8225.5739257865 8235.573925786473
2991.4172282672953 805.3506290186197 3000.989191839006 802.8219743762165 8245.573925786493 8255.573925786466
3010.4997507210355 800.1431692375336 3009.1785891556647 790.5709644707385 8265.553912775515 8275.128559239582
3006.549408683786 780.8246688183863 3003.920227680588 771.0783734251745 8285.128559239669 8295.12855923976
3001.291046141414 761.3320782897063 2998.6618640667293 751.5857834133785 8305.12855923985 8315.128559239476
2996.032681458164 741.8394887933973 2993.403498317348 732.0931944367476 8325.128559239567 8335.128559239658
2990.7743146407884 722.3469003308564 2988.63314892957 712.9752299706452 8345.128559239749 8354.651617789928
2998.5431781311054 712.8545626515988 3008.4532077754848 712.7338951046113 8364.651617789928 8374.65161778987
3018.3632378662005 712.6132273420226 3028.2732683981303 712.4925593517255 8384.65161778987 8394.651617789812
3038.183299375698 712.3718911360484 3048.0933307963423 712.2512227024417 8404.651617789907 8414.651617789907
3058.003362663556 712.1305540450849 3067.913394974079 712.0098851681687 8424.651617789848 8434.651617789848
3077.8234277304728 711.8892160672694 3087.7334609283134 711.7685467386618 8444.651617789943 8454.651617789885
3097.6434945699293 711.6478771874681 3107.115957392147 714.4507026046049 8464.651617789885 8474.5795628344
3116.515582143329 717.7401746539399 3125.9152071282733 721.0296469493769 8484.579562834426 8494.579562834158
3135.314832351869 724.3191194944084 3144.714457808761 727.608592274366 8504.579562834184 8514.57956283421
3154.1140835024416 730.8980653050821 3163.5040064817294 734.2083154714201 8524.579562834184 8534.576876275642
3171.8995359635446 739.647858035285 3180.2950654597953 745.087401073426 8544.576876275689 8554.576876275736
3188.6905949646607 750.5269445904996 3197.086124480702 755.9664885690436 8564.576876275783 8574.576876275542
3205.481654010946 761.4060330293141 3213.877183549106 766.8455779554788 8584.576876275589 8594.576876275636
3222.272713103099 772.2851233631372 3230.668242664309 777.7246692366898 8604.576876275683 8614.576876275773
3239.0637722369283 783.1642155791633 3247.459301822586 788.6037624015007 8624.57687627582 8634.576876275538
3255.8548314194195 794.043309695553 3264.2503610281274 799.4828574543353 8644.576876275627 8654.576876275674
3272.6458906475455 804.9224056901876 3281.0414202781394 810.3619544005487 8664.576876275722 8674.576876275769
3289.4369499199092 815.8015035795979 3297.8324795721564 821.2410532301292 8684.576876275527 8694.576876275574
3306.2280092386063 826.6806033526082 3314.623538914835 832.1201539521571 8704.576876275622 8714.576876275669
3323.019068603171 837.5597050189972 3331.414598301286 842.9992565589491 8724.576876275758 8734.576876275805
3339.9664363875054 848.1147111172322 3349.3234260070603 851.5305515129585 8744.545179316161 8754.545179316201
3358.680415851297 854.9463921696879 3368.037405919982 858.3622330781072 8764.545179316192 8774.545179315985
3377.3943962138146 861.7780742517207 3386.75138673489 865.1939156856388 8784.545179315975 8794.545179316015
3396.10837747599 868.6097573747393 3405.465368443867 872.0255993227474 8804.545179316056 8814.545179316046
3414.822359636659 875.4414415243082 3424.1793510522693 878.8572839908302 8824.545179316086 8834.545179316126
3433.5363426967524 882.2731267164927 3442.8933345610276 885.6889696957078 8844.545179316117 8854.545179316157
3452.2503266523127 889.1048129354604 3461.6073189654853 892.5206564371474 8864.545179316148 8874.545179316188
3470.964311505668 895.9365001895931 3480.3213042714633 899.3523441995494 8884.545179315981 8894.545179315972
3489.678297261009 902.7681884774938 3499.0352904722095 906.184033004567 8904.545179316012 8914.545179316003
3508.3922839108855 909.5998777977657 3517.749277574243 913.0157228433527 8924.545179316043 8934.545179316083
3527.1062714620493 916.4315681492444 3536.4632655717432 919.8474137072917 8944.545179316074 8954.545179316114
3545.8202599079814 923.2632595344912 3555.177254467504 926.6791056096554 8964.545179316154 8974.545179316145
3564.5593779243063 930.0148284733295 3574.0899242952 932.8761863755062 8984.543157276996 8994.54315727715
3583.6204709371086 935.7375444688369 3593.1510178511962 938.5989027463365 9004.54315727708 9014.543157277009
3602.6815650379285 941.4602612250019 3612.2121124961413 944.3216198761947 9024.543157277163 9034.543157277092
3621.742660229327 947.1829787245952 3631.2732082325965 950.044337752508 9044.543157277021 9054.543157277176
3640.8037565099075 952.9056969718076 3650.334305058932 955.7670563780703 9064.543157277105 9074.543157277034
3659.8648538810667 958.6284159726929 3669.395402973518 961.4897757584695 9084.543157277189 9094.543157277118
3678.9259523416404 964.3511357239913 3688.456501981709 967.2124958836939 9104.543157277047 9114.54315727715
3697.987051892793 970.0738562261686 3707.517602077918 972.9352167525794 9124.54315727708 9134.543157277009
3717.0481525354553 975.796577477362 3718.999146121554 968.5977165319491 9144.543157277163 9151.967012180807
3716.6387894623913 958.7828030302189 3714.278432264691 948.9678897568956 9161.967012180643 9171.967012180945
3711.9180745303165 939.152976698475 3709.5577162560076 929.3380638696253 9181.967012180781 9191.967012180618
3707.197357445024 919.523151258938 3704.8369980975986 909.7082388761919 9201.96701218092 9211.967012180756
3702.476638213033 899.8933267130051 3700.1162777883 890.0784147749655 9221.967012180592 9231.967012180894
3697.7559168285225 880.2635030564852 3695.3955553304404 870.4485915673431 9241.96701218073 9251.967012180567
3693.035193294985 860.6336802991573 3690.6748307226226 850.8187692477368 9261.967012180869 9271.967012180705
3688.314467612421 841.0038584270515 3685.9541039653122 831.1889478303492 9281.967012181007 9291.967012180843
3683.5937397778034 821.3740374529734 3681.233375057811 811.5591272993479 9301.96701218068 9311.967012180981
3678.873009799747 801.7442173750605 3676.5126440001186 791.9293076677714 9321.967012180818 9331.967012180654
3673.6871390782762 782.3333560749888 3667.2371560272295 774.6163012515754 9341.876652844185 9351.876652844237
3660.7871726974845 766.8992469946388 3654.3371890818235 759.1821932955645 9361.87665284429 9371.876652844316
3647.8872051844373 751.4651401601732 3641.437221008353 743.7480875800829 9381.876652844368 9391.876652844421
3634.9872365449555 736.0310355620459 3628.537251802394 728.3139841079246 9401.876652844474 9411.876652844527
3622.087266777642 720.5969332144596 3615.6372814686038 712.8798828832805 9421.876652844167 9431.876652844192
3610.030362127349 704.6873884636443 3606.929964545183 695.0813488613348 9441.733925029557 9451.733925029652
3603.829566444503 685.4753095777705 3600.7291678197216 675.8692706085276 9461.733925029746 9471.733925029841
3597.6287686736323 666.2632319463883 3594.528369007632 656.6571936046239 9481.733925029936 9491.733925029566
3591.4279688184615 647.0511555743869 3588.327568109613 637.4451178570744 9501.73392502966 9511.733925029761
3589.1544135874137 627.6564773833379 3591.203365639085 617.8110129598062 9521.485868251675 9531.485868251675
3593.2523172891233 607.9655481399968 3595.3012685447466 598.1200829418376 9541.48586825165 9551.485868251624
3597.350219394779 588.2746173471678 3599.399169853423 578.4291513701901 9561.485868251624 9571.485868251599
3601.4481199064758 568.5836849980988 3603.4970695676748 558.7382182392757 9581.485868251573 9591.485868251548
3605.546018824214 548.892751090927 3607.59496768564 539.0472835602704 9601.485868251548 9611.485868251522
3609.643916147994 529.201815637527 3611.692864210112 519.3563473208342 9621.485868251497 9631.485868251497
3613.7418118733913 509.5108786204364 3615.790759137599 499.66540953191 9641.485868251471 9651.485868251446
3617.83970600483 489.8199400496669 3614.4786823296454 480.54868047940545 9661.48586825142 9671.256835586153
3610.149590346031 471.43753155646846 3605.820497893961 462.32638307800516 9681.25683558612 9691.256835586075
3601.4914049769286 453.21523503167555 3597.162311592605 444.1040874342434 9701.25683558603 9711.256835585984
3592.833217739826 434.9929402717389 3588.5041234181263 425.88179355091415 9721.256835585938 9731.256835585906
3584.175028632395 416.7706472747959 3579.8459333791398 407.6595014363993 9741.256835586313 9751.256835586268
3575.5168376569636 398.54835604247637 3571.1877414688934 389.4372110851109 9761.256835586222 9771.25683558619
3566.858644813765 380.3260665650014 3562.529547691811 371.21492248843424 9781.256835586144 9791.256835586099
3558.200450100936 362.1037788535468 3553.8713520460296 352.992635660572 9801.256835586053 9811.256835586008
3549.542253521038 343.8814929067157 3546.009305606829 334.4906949631404 9821.256835585975 9831.198423817414
3543.753289360786 324.6513627357781 3541.497272576904 314.81203071260825 9841.198423817434 9851.198423817454
3539.241255255183 304.9726989103947 3536.985237396555 295.1333673163317 9861.198423817474 9871.198423817494
3534.7292189963628 285.2940359262284 3532.4732000574004 275.45470475708134 9881.198423817048 9891.198423817068
3530.217180582229 265.6153737960849 3527.961160566658 255.776043046033 9901.198423817088 9911.198423817108
3525.7051400176715 245.9367125069257 3521.982055125758 236.89065099600703 9921.198423817128 9930.892648567942
3514.880112744868 229.78973927395418 3507.7781701590866 222.68882810580544 9940.892648567758 9950.892648567966
3500.6762273751665 215.58791751111858 3493.574284392176 208.48700747452676 9960.892648567782 9970.89264856799
3486.472341207089 201.38609799579717 3479.3703978229314 194.28518908354454 9980.892648567806 9990.892648568013
3472.2684542399365 187.1842807335779 3465.166510457173 180.08337294729427 10000.89264856783 10010.892648568037
3458.0645664734766 172.98246572050266 3450.9626222900115 165.88155906298198 10020.892648567853 10030.89264856806
3443.860677905148 158.78065295913257 3436.7587333216798 151.67974742036313 10040.892648567877 10050.892648568084
3429.6567885393742 144.57884244527668 3422.554843554739 137.47793803666718 10060.8926485679 10070.892648567717
3416.242504349444 129.9836366144009 3414.9858145250473 119.97050912980922 10080.635593626854 10090.635593626861
3413.7291241646744 109.95738172740676 3412.472433264833 99.94425440020859 10100.635593626874 10110.635593626881
3411.2157418273855 89.93112715915777 3409.959049852332 79.91799999470823 10120.635593626894 10130.635593626901
3408.7023573371116 69.90487290825695 3407.445664284518 59.89174590096809 10140.635593626914 10150.635593626457
3406.18897069199 49.87861897284165 3404.9322765618563 39.865492132725194 10160.63559362647 10170.635593626477
3408.0870619076304 31.151179875945672 3414.2689035169315 23.32808369793929 10179.873679002276 10189.8736790022
3420.450745157432 15.50498669152148 3426.6325868275017 7.6818888653069735 10199.873679002169 10209.873679002092
2071.3046766109765 4367.799354492687 2081.079994049389 4366.22234396846 3941.192576494831 3950.283485585733
2090.8553119590506 4364.645333009539 2100.6306303401943 4363.068321618717 3959.374394676662 3968.4653037675644
2110.405949191889 4361.491309798788 2120.1812685150653 4359.9142975497525 3977.5562128584666 3986.6471219493956
2129.9565883155446 4358.337284871377 2139.7319085830823 4356.76027175854 3995.738031040273 4004.8289401311754
2149.5072293225676 4355.183258217759 2159.282550535165 4353.606244247872 4013.9198492221044 4023.0107583130066
2169.057872219244 4352.0292298446875 2178.833194373874 4350.452215005411 4032.101667403909 4041.192576494838
2188.608516999753 4348.875199740985 2198.383840098977 4347.298184049083 4050.28348558574 4059.374394676642
2208.159163669916 4345.72116792528 2217.934487710707 4344.14415137074 4068.465303767571 4077.5562128584734
2227.7098122260068 4342.567134384299 2237.4851372090634 4340.990116965957 4086.647121949351 4095.73803104028
2247.2604626654647 4339.4130991129205 2257.0357885954436 4337.836080834968 4104.828940131182 4113.919849222085
2266.811114995042 4336.259062130703 2276.5864418642595 4334.682042987319 4123.010758313014 4132.1016674039165
2286.3617692075204 4333.105023419019 2296.1370970178396 4331.528003414627 4141.1925764948455 4150.283485585748
2305.9124253068585 4329.950982986949 2315.6877540608402 4328.373962124344 4159.374394676651 4168.46530376758
2325.463083289331 4326.796940831002 2335.2384129879065 4325.219919105992 4177.5562128584825 4186.64712194936
2345.0454801502638 4323.8683577969205 2354.8885007149074 4322.772630665451 4195.735431000932 4204.826340091845
2364.7315217480063 4321.676903162617 2374.5745432507247 4320.581175294705 4213.917249182731 4223.008158273644
2384.4175652228296 4319.485447066836 2394.2605876612943 4318.389718465274 4232.0990673645565 4241.189976455469
2399.112965354463 4313.482588859508 2400.629330072785 4303.749422912486 4247.49476715527 4256.393013886921
2403.5092555803712 4294.129158409312 2406.389180744067 4284.508893394843 4265.483922977982 4274.574832069043
2409.269105564337 4274.888627873501 2412.1490300386213 4265.26836184226 4283.665741159736 4292.75665025081
2415.028954164358 4255.648095299723 2417.90887795086 4246.027828247286 4301.847559341503 4310.938468432564
2420.788801389048 4236.407560683554 2423.668724483112 4226.787292611552 4320.029377523258 4329.120286614331
2426.5486472337507 4217.167024031049 2429.4285696377046 4207.546754939249 4338.211195705392 4347.302104796086
2432.3084916968364 4197.926485334989 2434.236506509362 4188.084207197418 4356.3930138871465 4365.457940284304
2435.602557395119 4178.110865056515 2436.9686078273226 4168.1375226180535 4374.548849375458 4383.639758466226
2438.3346578050405 4158.16417987668 2439.700707325246 4148.190836825175 4392.730667556985 4401.82157664814
2441.066756388871 4138.217493483331 2442.432804999873 4128.2441498299595 4410.912485738899 4420.003394830063
2443.79885315476 4118.270805876236 2445.164900855394 4108.297461627983 4429.094303920822 4438.185213011581
2449.418270445196 4099.342272169888 2454.331540792715 4090.632109629456 4447.185351545071 4456.276260635935
2459.2448110033292 4081.9219463542104 2464.158081077505 4073.2117823397275 4465.367169726816 4474.458078817698
2469.071351015242 4064.5016175773926 2473.984620812116 4055.7914520769846 4483.548987908562 4492.639896999443
2478.89789047488 4047.081285838969 2483.8111599993426 4038.3711188517045 4501.730806090325 4510.821715181501
2488.7244293862022 4029.6609511224087 2493.637698635226 4020.9507826566696 4519.912624272382 4529.003533363264
2497.29952203203 4011.6284344808664 2500.8166486606933 4002.235303455498 4538.084196094889 4547.175105185802
2504.333775002742 3992.8421718394384 2507.8509010579437 3983.4490396284964 4556.2660142767145 4565.356923367642
2511.3680268283933 3974.055906831287 2514.88515231316 3964.662773448974 4574.447832458554 4583.538741549467
2518.4022775113117 3955.2696394722443 2521.9194024235476 3945.8765049059875 4592.62965064038 4601.720559731292
2525.4365270521957 3936.483369750902 2528.953651391901 3927.090234013507 4610.811468822205 4619.902377913118
2532.77828126261 3917.8979607936926 2541.89850232983 3914.0415935022756 4628.932411757277 4638.021067734505
2551.036608594004 3910.2220218640286 2560.174715274945 3906.4024495249614 4647.111976825443 4656.202885916407
2569.3128223766107 3902.582876499044 2578.450929896673 3898.763302777661 4665.293795007272 4674.38470409821
2588.0205286936834 3896.446360546397 2597.7913148174994 3894.84186842246 4683.425872484512 4692.516781575451
2607.562101411633 3893.2373758668546 2617.3328884763177 3891.6328828735277 4701.60769066634 4710.698599757253
2627.1036760120187 3890.028389452258 2636.874464018736 3888.4238955937326 4719.789508848168 4728.880417939057
2646.64525249321 3886.8194013030734 2656.416041439632 3885.2149065774865 4737.97132702997 4747.062236120885
2666.18683085707 3883.6104114258196 2675.957620744128 3882.005915829446 4756.153145211798 4765.244054302687
2685.728411103366 3880.40141980676 2695.499201928498 3878.796923347749 4774.334963393626 4783.425872484515
2705.2699932279065 3877.1924264612608 2715.0407849976327 3875.587929135654 4792.516781575428 4801.607690666343
2724.8115772365127 3873.9834313809406 2734.5823699440807 3872.3789331899025 4810.698599757256 4819.789508848145
2744.353163122898 3870.7744345683604 2754.123956772266 3869.1699355065357 4828.88041793906 4837.971327029973
2763.894750893116 3867.565436018398 2773.6655454807915 3865.960936091142 4847.062236120862 4856.153145211801
2783.436340539716 3864.3564357361756 2793.2071360708214 3862.7519349465147 4865.24405430269 4874.334963393602
2802.9779320706148 3861.147433726117 2812.7487285388634 3859.5429320668336 4883.425872484518 4892.51678157543
2822.5195254792925 3857.9384299812373 2832.2903228912037 3856.333927458152 4901.607690666346 4910.698599757235
2842.0611207713373 3854.7294245029334 2851.5549005216453 3851.9812700813636 4919.789508848147 4928.864891127263
2860.9791015123483 3848.9458623826504 2870.403302948922 3845.910454070661 4937.955800218159 4947.046709309082
2879.827504836954 3842.875045150984 2889.2517071720213 3839.839635625249 4956.137618399978 4965.2285274908745
2898.675909956917 3836.8042254834436 2908.1001131909434 3833.7688147355802 4974.319436581771 4983.410345672693
2917.524316868512 3830.733403378632 2926.9485209996346 3827.6979914086405 4992.501254763628 5001.592163854524
2936.3727255801205 3824.662578832358 2945.7969306060113 3821.6271656428 5010.6830729454205 5019.773982036343
2954.156797226984 3816.5865242655855 2961.8690157930832 3810.3257045971695 5028.723598092431 5037.814507183364
2969.5812345801387 3804.064884066349 2977.293453599792 3797.804062687326 5046.905416274274 5055.996325365208
2985.0056728448253 3791.543240442639 2992.7178923210595 3785.28241735138 5065.087234456141 5074.178143547051
3000.430112022208 3779.0215933946893 3008.1423319543246 3772.7607685839757 5083.269052637799 5092.359961728709
3013.7864862571005 3764.998422184726 3017.0536581901833 3755.510265476769 5101.103968352669 5110.194877443735
3020.3208298143 3746.022108213743 3023.5880011315458 3736.5339503828436 5119.285786534788 5128.376695625482
3026.8551721395925 3727.045792003628 3030.122342839837 3717.55763306655 5137.4676047165485 5146.558513807243
3033.389513230417 3708.0694735674188 3036.656683314126 3698.5813135213684 5155.649422898296 5164.740331989004
3039.923853088869 3689.093152911868 3043.191022556508 3679.6049917412456 5173.831241080056 5182.922150171109
3046.458191714948 3670.116830017185 3049.725360565586 3660.6286677306052 5192.013059261817 5201.10396835287
3052.992529109586 3651.140504898969 3056.2596973448526 3641.65234150365 5210.194877443564 5219.2857865346305
3059.5268652702216 3632.164177548839 3062.794032892445 3622.6760130431503 5228.376695625683 5237.4676047163775
3066.0612002012786 3613.1878479754087 3064.498255834682 3603.2723423850257 5246.558513807444 5255.599828646009
3062.715301747201 3593.337371798465 3060.932347111404 3583.4024013576563 5264.690737736837 5273.781646827667
3059.149391932646 3573.4674310628325 3057.3664362011477 3563.5324609053787 5282.872555918495 5291.963465009325
3055.5834799257573 3553.597490890883 3053.8005231020506 3543.662521022372 5301.054374100576 5310.145283191406
3051.7933402343187 3533.8632557182573 3043.990225145826 3527.5717701243702 5319.153739330266 5328.244648421076
3036.1871099690907 3521.280285057379 3028.383994700853 3514.9888005156536 5337.335557511903 5346.426466603042
3020.580879346002 3508.6973165052477 3012.7777638984844 3502.405833011726 5355.517375693869 5364.608284784679
3004.9746483645868 3496.114350044867 2997.171532740351 3489.8228676065337 5373.699193875506 5382.7901029666455
2989.3684170271736 3483.531385699054 2981.5653012255207 3477.2399043156765 5391.881012057473 5400.9719211482825
2975.955012268154 3469.178006602684 2971.7835483921226 3459.992293483345 5409.838703597608 5418.929612688682
2967.612084037857 3450.8065807847306 2963.4406192053575 3441.6208685052115 5428.020521779347 5437.111430870421
2959.2691538990475 3432.4351566520054 2955.097688110778 3423.2494452139363 5446.202339961081 5455.293249052154
2955.5616807108745 3413.6857155892067 2958.3189997738227 3404.0272380192764 5463.930829134762 5473.021738225837
2961.076318487525 3394.3687599664554 2963.833636845229 3384.710281413747 5482.11264731653 5491.203556407605
2966.590954850195 3375.051802375121 2969.348272505915 3365.3933228452224 5500.29446549831 5509.385374589373
2975.540069042705 3357.9873857612256 2983.094563013874 3351.5313428228255 5518.191434990292 5527.282344081206
2991.1313612456433 3345.9850387610495 3000.710035466356 3343.482167588081 5536.228233143766 5545.319142234689
3010.2887101550587 3340.9792958768085 3019.8673852982465 3338.4764236118644 5554.410051325571 5563.500960416493
3029.4460609087255 3335.973550805822 3039.0247369743884 3333.470677451929 5572.5918695074015 5581.682778598324
3048.603413507808 3330.9678035583347 3058.1820904992055 3328.4649291066453 5590.773687689206 5599.8645967801285
3067.7607679492794 3325.962054119678 3077.339445864549 3323.4591785834637 5608.955505871037 5618.046414961959
3086.9181242387276 3320.95630250033 3096.4968030762393 3318.45342587051 5627.137324052841 5636.228233143764
3106.0754823724274 3315.9505486954004 3115.65416213125 3313.4476709780283 5645.319142234672 5654.410051325594
3122.3601562238764 3306.533929851372 3128.398872455349 3298.595616771374 5663.207972244706 5672.298881335499
3134.4375886912458 3290.6573028701823 3140.4763049255125 3282.7189881387167 5681.3897904265405 5690.480699517313
3143.663561117137 3274.489386948291 3139.14498990844 3265.472611201927 5698.481248440814 5707.572157531562
3134.6264182440937 3256.45583590609 3130.1078461227007 3247.439061064739 5716.663066622714 5725.7539757134555
3125.5892735465895 3238.422286667861 3121.0707005099393 3229.4055127315223 5734.8448848042035 5743.935793895355
3116.5521270229947 3220.388739248272 3112.033553073881 3211.3719662097283 5753.026702986097 5762.117612077249
3106.261743672192 3203.4564841827378 3098.1286294888705 3197.6160184594337 5770.96393394217 5780.054843033117
3089.9955152729526 3191.775553230429 3081.86240102374 3185.9350885029417 5789.145752124046 5798.236661214994
3073.809552811086 3179.9837157430593 3065.945706108818 3173.7713280434255 5807.325578196336 5816.416487287202
3058.0818593278527 3167.5589408718515 3050.2180124642327 3161.3465542146005 5825.507396378393 5834.598305469259
3042.3541655223817 3155.1341680868063 3034.490318501601 3148.921782478923 5843.689214560141 5852.780123651007
3026.626471401658 3142.7093973907176 3018.7626242199913 3136.497012826614 5861.871032741872 5870.9619418327375
3012.5821435004473 3128.665516755311 3006.954175014049 3120.3124868730083 5879.975791080324 5889.06670017119
3001.326206162572 3111.9594575092196 2995.6982369418256 3103.6064286848996 5898.157609262056 5907.2485183529225
2990.070267354604 3095.2534003830515 2984.442297397414 3086.90037261392 5916.339427443789 5925.430336534655
2978.814327072818 3078.547345374245 2973.186356380582 3070.1943186586723 5934.521245625521 5943.6121547163875
2967.5583853204735 3061.841292480007 2961.9304138915613 3053.488266832195 5952.703063807244 5961.793972898503
2956.30244209175 3045.1352417042945 2950.674469928257 3036.7822171200532 5970.884881989369 5979.9757910802355
2945.0464973933995 3028.429193054326 2939.418524492532 3020.076169522479 5989.066700171102 5998.157609261968
2933.7905512207653 3011.723146518925 2928.1625775832217 3003.370124042267 6007.248518352834 6016.3394274437005
2922.051916630473 2995.382296590833 2915.7640329208225 2987.5285538290627 6025.424132324932 6034.515041415673
2909.476148911519 2979.6748116265517 2903.1882646020968 2971.821069974918 6043.605950506427 6052.696859597548
2896.90037999209 2963.9673288799822 2890.6124950838275 2956.113588340115 6061.787768688301 6070.878677779434
2884.324609874049 2948.2598483539186 2878.0023657830898 2940.4346132015344 6079.969586870176 6089.060482812809
2871.675199039979 2932.6134622606914 2865.348031999776 2924.792311866535 6098.151391903755 6107.242300994324
2859.546911200974 2916.5826734350994 2854.2639407394454 2908.0017808096018 6116.3180519580965 6125.408757972312
2849.0111794287805 2899.4016298132483 2843.75841771625 2890.801479318179 6134.499667062958 6143.590576154004
2841.45884482353 2881.303003587993 2841.2300067311153 2871.2209936641157 6152.3916746292025 6161.482583720192
2841.0011681136675 2861.138983676443 2840.7723289742135 2851.0569736124016 6170.573492811177 6179.664401902167
2840.5434893097263 2840.97496347758 2840.3146491209045 2830.8929532733746 6188.755310992742 6197.846220083732
2840.085808408214 2820.810942998156 2839.8569671735168 2810.7289326509926 6206.937129174722 6216.028038265712
2839.628125414485 2800.646922237007 2839.3992831304204 2790.5649117510766 6225.1189473566965 6234.209856447272
2839.3992698758375 2780.517400556477 2846.552480867831 2773.6270296911243 6243.269189493011 6252.346647915144
2853.804648329038 2766.8224972994067 2861.0568159592804 2760.017964053899 6261.43755700598 6270.528466097006
2868.3089837583248 2753.213429944357 2875.5611517203506 2746.4088949693833 6279.619375187818 6288.710284278631
2882.8133198486175 2739.6043591378257 2890.0654881473165 2732.7998224406037 6297.801193369679 6306.8921024604915
2897.3176566094626 2725.995284878416 2905.0796943209134 2719.9960604901426 6315.983011551517 6324.964047050083
2914.2789426327217 2716.3283602260053 2923.47819137061 2712.660659293644 6334.054956140994 6343.145865231906
2932.6774405331817 2708.9929576870054 2941.8766901213676 2705.325255399337 6352.2367743227915 6361.327683413703
2951.0759401360992 2701.657552437391 2960.275190575747 2697.9898488014005 6370.418592504615 6379.5095015955
2969.4744414417073 2694.3221444883384 2978.673692732351 2690.6544395012315 6388.600410686412 6397.691319777389
2987.5038040811196 2686.4832930529956 2993.6128676468506 2678.601127886446 6406.652452477433 6415.743361568276
2999.721931233071 2670.7189618956763 3005.8309948265087 2662.836795076262 6424.834270659365 6433.9251797502075
3011.940058438806 2654.9546274270397 3018.0491220599506 2647.072458944982 6443.01608884103 6452.106997932119
3024.158185698092 2639.1902896473184 3030.2672493499704 2631.3081195168197 6461.197907022962 6470.288816113784
3036.3763130162843 2623.4259485576767 3042.485376693541 2615.5437767673284 6479.379725204627 6488.470634295716
3048.594440387329 2607.6616041571833 3054.7035040941555 2599.7794307125732 6497.561543386539 6506.652452477381
3060.812567813322 2591.8972564411815 3066.9216315513477 2584.0150813481305 6515.74336156847 6524.834270659313
3073.030695296824 2576.13290542108 3079.1397590581328 2568.2507286695763 6533.925179750136 6543.016088840958
3085.248822836904 2560.368551092455 3091.3578866261523 2552.4863726813346 6552.106997932067 6561.19790702289
3097.466950427741 2544.6041934459936 3103.5760142493527 2536.7220133834053 6570.2888161137325 6579.379725204822
3109.685078081209 2528.8398324951995 3115.7941419270355 2520.9576507785823 6588.470634295664 6597.561543386487
3121.90320578753 2513.075468233321 3128.0122696594335 2505.193284858251 6606.652452477576 6615.743361568419
3134.121333550429 2497.3111006589606 3140.070147739956 2489.330499823205 6624.834270659241 6633.904987443465
3144.0087023230735 2480.1153168266173 3147.947256665677 2470.90013319673 6642.995896534263 6652.086805625061
3151.8858107689302 2461.6849489312153 3155.824364634929 2452.469764033798 6661.177714716216 6670.268623807014
3159.762918260647 2443.2545784965623 3163.7014716463163 2434.039392328821 6679.359532897827 6688.450441988625
3167.640024795197 2424.8242055266164 3171.5785777047276 2415.6090180843603 6697.541351079764 6706.632260170578
3176.4786755351815 2407.097858631052 3183.9358514416963 2400.52606550185 6715.561509127906 6724.652418218706
3191.3930275388993 2393.95427150419 3198.850203834707 2387.3824766541366 6733.7433273097295 6742.834236400552
3206.301559131127 2380.805471567204 3211.7415779854637 2372.4285247314256 6751.92419334426 6761.015102435345
3217.1815967683215 2364.0515771110076 3222.6216154848225 2355.6746287087444 6770.106011526138 6779.196920617223
3228.0616341328714 2347.2976795318536 3233.501652708277 2338.9207295691594 6788.287829708016 6797.378738798809
3238.941671211971 2330.543778821593 3242.09245248558 2321.4571054647677 6806.469647889894 6815.182650734958
3242.0296807247214 2311.374148634728 3241.966908446513 2301.2911917113233 6824.273559826037 6833.364468916703
3241.9041356507223 2291.2082346915267 3241.841362337116 2281.125277582323 6842.455378007782 6851.546287098448
3241.7785885084886 2271.0423203813843 3241.715814166004 2260.9593630854506 6860.6371961895275 6869.7281052806065
3241.6530393033754 2250.876405695919 3241.590263925027 2240.793448216049 6878.819014371273 6887.909923462352
3241.5274880314246 2230.7104906395543 3241.4647116188426 2220.6275329724886 6897.000832553018 6906.091741644097
3241.401934691239 2210.5445752106607 3241.3391572446562 2200.4616173582617 6915.182650734763 6924.273559825842
3241.2763792860787 2190.378659412265 3241.213600809686 2180.295701378258 6933.364468916921 6942.455378007588
3241.1508218168747 2170.212743246928 3240.55334771215 2160.1706035754178 6951.546287098667 6960.612222298923
3238.9547859332524 2150.2048868846614 3237.3562236158177 2140.239170324523 6969.703131389577 6978.794040480655
3235.757660752395 2130.2734538775403 3234.159097343916 2120.307737556519 6987.884949571308 6996.975858662387
3232.5605333906133 2110.342021353077 3230.961968897376 2100.3763052786235 7006.066767753463 7015.157676844118
3229.363403854426 2090.4105893189553 3227.7648382687476 2080.4448734794278 7024.248585935195 7033.33949502585
3226.166272139875 2070.4791577688884 3224.567705467809 2060.5134421773255 7042.430404116926 7051.521313208004
3222.969138249755 2050.547726707533 3221.3705704878084 2040.582011358114 7060.612222298658 7069.703131389736
3219.7720021824352 2030.6162961334921 3218.1734333331697 2020.650581030408 7078.794040480389 7087.884949571468
3218.726271763444 2010.6317622973584 3219.693097078707 2000.6064226452727 7096.937309543221 7106.028218633893
3220.659921924118 1990.581082755234 3221.626746297581 1980.5557426200248 7115.119127724957 7124.21003681603
3222.593570200959 1970.5304022454657 3223.5603936314583 1960.5050616331864 7133.300945906693 7142.391854997758
3224.5272165916394 1950.4797207815573 3225.494039081037 1940.4543796903454 7151.48276408843 7160.573673179494
3226.4608611001167 1930.4290383600164 3227.4276826477144 1920.4036967875436 7169.664582270559 7178.75549136123
3228.39450372546 1910.378354979679 3229.3613243296277 1900.3530129299033 7187.846400452295 7196.937309542966
3230.5938354376704 1890.3984202884603 3234.9240453683306 1881.3698047115467 7205.994165804149 7215.085074895007
3239.2542551013175 1872.3411884575617 3243.5844646408223 1863.3125715337228 7224.175983985865 7233.266893076723
3247.9146739856806 1854.2839539244305 3252.244883131003 1845.2553356396966 7242.357802167548 7251.448711258735
3256.5750920823775 1836.226716683479 3260.9053008395713 1827.1980970462319 7260.539620349593 7269.630529440451
3265.2355093979277 1818.1694767347071 3269.5657177607063 1809.1408557477407 7278.721438531309 7287.812347622167
3274.558415397536 1800.726976007456 3283.539989277255 1796.5465606851503 7296.709983256797 7305.800892347687
3292.5215635595378 1792.3661446375772 3301.5031382418238 1788.1857278719544 7314.891801438577 7323.982710529467
3310.4847133243456 1784.0053103810642 3319.466288806172 1779.824892169563 7333.073619620446 7342.164528711336
3328.4478646893986 1775.6444732383825 3337.429440970067 1771.4640535782091 7351.255437802226 7360.346346893116
3346.4110176535323 1767.2836332025472 3355.3925947363023 1763.1032120976597 7369.437255984006 7378.528165074985
3364.3741722172126 1758.9227902758867 3373.3557501004543 1754.7423677293118 7387.619074165875 7396.709983256713
3382.3373283843976 1750.5619444646873 3391.318907068344 1746.3815204733983 7405.800892347603 7414.891801438582
3400.300486151129 1742.2010957598686 3409.2820656339172 1738.0206703268923 7423.982710529472 7433.073619620362
3418.26364551764 1733.8402441702783 3427.245225802064 1729.6598172970116 7442.1645287112515 7451.2554378022305
3436.6860976004973 1727.085054760566 3446.521684508538 1725.9263759637251 7460.241025626839 7469.3319347177585
3456.357271883171 1724.7676968004089 3466.192859719973 1723.6090172615368 7478.422843808678 7487.5137528995565
3476.028448024299 1722.4503373559564 3485.3564018984325 1725.2125740936026 7496.604661990476 7505.492906801516
3494.4927130276337 1729.2096994989552 3503.6290243249387 1733.206825224217 7514.583815892217 7523.674724983165
3512.765335791046 1737.203951272415 3521.9016474296805 1741.201077651931 7532.765634074113 7541.856543165061
3531.03795924061 1745.1982043487951 3540.174271219643 1749.1953313755803 7550.9474522560095 7560.038361346958
3549.3105833707377 1753.1924587308895 3558.8981823960785 1754.900513727218 7569.129270437658 7578.042503020378
3568.810410039965 1754.9619488285389 3578.722638124367 1755.0233837314881 7587.1334121113605 7596.22432120225
3588.634866645094 1755.0848184376955 3598.547095604241 1755.1462529455312 7605.31523029314 7614.40613938403
3608.459325001342 1755.2076872466132 3618.3715548354667 1755.2691213437356 7623.497048474962 7632.587957565852
3628.06130912574 1757.1001382025424 3637.6380182737485 1759.7920352290384 7641.612092786533 7650.703001877474
3647.2147277097683 1762.483932417119 3656.791437434498 1765.175829770742 7659.793910968368 7668.884820059309
3666.3681474472396 1767.8677272873465 3675.9448577451985 1770.5596249639057 7677.975729150204 7687.066638241145
3685.52156833373 1773.251522812061 3695.098279206315 1775.9434208185412 7696.157547332039 7705.24845642298
3704.674990370171 1778.6353189838119 3714.2517018180806 1781.327217319049 7714.339365513874 7723.430274604769
3723.8284135565627 1784.0191158212256 3733.405125583289 1786.7110144766048 7732.52118369571 7741.612092786604
3742.981837893836 1789.4029132975265 3752.558550493559 1792.094812283991 7750.703001877545 7759.793910968439
3762.135263384087 1794.7867114364635 3771.71197655797 1797.478610741673 7768.88482005938 7777.975729150275
3781.2886900200974 1800.1705102184787 3790.8654037714005 1802.8624098550063 7787.066638241018 7796.157547331913
3800.4421178100165 1805.554309658939 3810.0188321319874 1808.2462096184026 7805.248456422807 7814.339365513748
3819.595546746161 1810.9381097494625 3829.218984510284 1813.3926920611411 7823.430274604642 7832.509897709462
3839.0429046424106 1814.8289724262431 3848.8668251479976 1816.2652527815662 7841.6008068004485 7850.691715891336
3858.6907460314687 1817.7015331271105 3868.514667284908 1819.13781346404 7859.782624982223 7868.873534073061
3878.338588913204 1820.5740937911905 3888.162510917289 1822.0103741167113 7877.964443164097 7887.055352254935
3897.9864332939032 1823.4466544296592 3907.8103560428135 1824.8829347367864 7896.1462613458225 7905.237170436809
3917.6342791691422 1826.3192150327377 3927.4582026684657 1827.7554953242652 7914.328079527696 7923.418988618583
3936.3218387074303 1832.0989233183209 3944.9278005333617 1837.1832968550734 7932.409721424612 7941.500630515403
3953.5337624112144 1842.2676708267536 3962.139724341687 1847.3520452361554 7950.59153960648 7959.68244869731
3970.7456863296684 1852.436420081649 3979.351648369571 1857.5207953646313 7968.773357788101 7977.864266879178
3987.9576104665175 1862.6051710825413 3996.5635726163164 1867.689547238173 7986.955175969969 7996.04608506076
4005.1695348196663 1872.7739238340873 4013.7754970793612 1877.8583008563146 8005.136994151876 8014.227903242667
4022.38145939284 1882.9426783218514 4030.9874217587058 1888.027056222083 8023.318812333744 8032.409721424535
4039.5933841811493 1893.1114345570095 4048.199346658308 1898.1958133326843 8041.500630515365 8050.591539606442
4057.5634891313966 1901.3340077567846 4067.2083052450325 1903.751737199491 8059.609151372582 8068.700060463507
4076.8531216622796 1906.1694667625707 4086.4979383915197 1908.5871964558028 8077.790969554431 8086.881878645356
4096.142755428329 1911.0049262724351 4105.787572773872 1913.422656207811 8095.97278773628 8105.063696827157
4115.432390426984 1915.840386279393 4124.109525631182 1915.8621150059626 8114.154605918082 8122.112888857291
4129.338420525892 1907.345932602184 4134.567315329099 1898.8297494337894 8131.2037979482875 8140.294707039321
4139.796210037079 1890.313565506367 4145.025104651228 1881.797380818287 8149.385616130054 8158.476525221087
4150.25399917434 1873.281195370946 4155.482893599197 1864.7650091606192 8167.567434311783 8176.658343402816
4160.711787932785 1856.2488221852109 4161.31138804066 1846.8950933832675 8185.74925249385 8194.205963433744
4159.131946628448 1837.0385749773122 4156.952504670713 1827.1820567680988 8203.29687252448 8212.387781615214
4154.773062175838 1817.325538761681 4152.593619139399 1807.4690209447872 8221.478690706374 8230.569599797109
4150.414175565122 1797.612503329292 4148.234731448116 1787.7559859119356 8239.660508888268 8248.751417979003
4146.055286793038 1777.899468691321 4143.875841600588 1768.0429516718723 8257.842327069739 8266.933236160898
4141.69639586634 1758.1864348435774 4139.516949591925 1748.329918222269 8276.024145251633 8285.115054342792
4137.337502780836 1738.4734017977025 4135.158055427717 1728.616885565687 8294.205963433527 8303.296872524686
4133.023963445332 1718.7538447109982 4135.518119008979 1709.026016027201 8312.384848808819 8321.469818224492
4138.085636927746 1699.311780484626 4140.653154485859 1689.597544478951 8330.560727315427 8339.651636406363
4143.220671684947 1679.8833080159966 4145.788188523613 1670.169071094133 8348.742545497324 8357.833454588259
4148.355704997899 1660.4548337119631 4150.923221110599 1650.7405958611052 8366.924363679194 8376.01527277013
4153.49073686148 1641.026357555529 4156.058252252871 1631.3121187910438 8385.106181861065 8394.197090952
4158.625767281046 1621.597879563691 4161.193281947169 1611.8836398771964 8403.288000042961 8412.378909133897
4163.760796254035 1602.1693997264374 4166.328310199315 1592.4551591181662 8421.469818224832 8430.560727315395
4163.572050584713 1582.766233236529 4160.737996926997 1573.0776775490958 8439.632452636724 8448.723361727403
4157.903942737961 1563.3891221352387 4155.069888021564 1553.7005670072976 8457.814270818508 8466.905179909187
4152.235832779668 1544.0120121554937 4149.401777006453 1534.323457584018 8475.996089000288 8485.08699809097
4146.567720704712 1524.634903287515 4143.733663876541 1514.9463492727373 8494.177907182071 8503.268816272754
4140.899606519379 1505.2577955382876 4138.065548635321 1495.5692420830019 8512.359725363855 8521.450634454959
4135.231490219245 1485.8806889066473 4132.397431276739 1476.1921360122506 8530.541543545638 8539.632452636739
4129.56337180594 1466.5035833923612 4126.729311807081 1456.8150310572237 8548.723361727421 8557.814270818522
4123.895251283189 1447.1264790010173 4121.061190227047 1437.4379272211809 8566.905179909205 8575.996089000306
4118.227128641913 1427.7493757230695 4115.393066529883 1418.0608245024923 8585.086998090988 8594.17790718209
4112.582527969731 1408.366743417224 4115.237381583778 1398.7042661195155 8603.267645102163 8612.33538344743
4118.0762438979 1389.0708383787423 4120.915105875116 1379.4374101452995 8621.426292538208 8630.517201629355
4123.753967513097 1369.8039814131334 4126.592828812078 1360.1705521869007 8639.608110720133 8648.69901981128
4129.431689773686 1350.5371224635746 4132.270550394198 1340.9036922429223 8657.789928902059 8666.880837992838
4137.158976135775 1332.3003921976779 4142.900160118472 1324.135462150909 8675.876458139954 8684.967367230922
4148.641344070667 1315.9705312966835 4154.3825279946905 1307.8055996538606 8694.05827632189 8703.149185412578
4160.123711888911 1299.640667204978 4165.86489575333 1291.4757339616772 8712.240094503546 8721.331003594514
4171.606079586083 1283.3107999141794 4178.504767229548 1276.4608217743225 8730.421912685482 8739.304871499362
4187.215829772176 1271.7321109243203 4195.926892675227 1267.0033992910758 8748.395780590252 8757.486689681204
4204.637955945451 1262.2746869043913 4213.349019582383 1257.5459737514611 8766.577598772094 8775.668507862983
4222.0600835827645 1252.8172598255333 4230.771147949854 1248.0885451345239 8784.759416953935 8793.850326044825
4232.963818109129 1238.8163659460843 4234.105492302449 1228.8116195434704 8802.467130125398 8811.558039216306
4235.247166034067 1218.8068728658836 4236.388839311199 1208.8021259361412 8820.648948307196 8829.739857398086
4237.530512128957 1198.7973787402734 4235.60795062012 1190.0746018213686 8838.830766488994 8846.874796217942
4227.771778167691 1183.8258774378337 4219.935605627485 1177.577153576538 8855.96570530874 8865.05661439957
4212.0994330015965 1171.3284302367829 4204.263260286767 1165.0797074236907 8874.147523490366 8883.238432581524
4196.42708748416 1158.8309851344675 4188.590914599597 1152.5822633765638 8892.329341672354 8901.42025076315
4180.29896546388 1147.0564849802759 4171.488332794048 1142.3534323510248 8910.473231803855 8919.564140894814
4162.677700217813 1137.6503801096696 4153.867067740066 1132.9473282806575 8928.65504998546 8937.74595907642
4145.056435353123 1128.244276845362 4136.245803064434 1123.541225813562 8946.836868167378 8955.927777258297
4127.43517087237 1118.8381751810666 4118.624538774602 1114.1351249539293 8965.018686349256 8974.109595440215
4109.813906771829 1109.4320751244668 4101.003274866147 1104.7290256973356 8983.200504531134 8992.291413622093
4092.192643054761 1100.025976668112 4083.3820113379043 1095.3229280440137 9001.38232271278 9010.473231803699
4074.5713797155768 1090.619879816426 4065.7607481935993 1085.9168319937307 9019.564140894658 9028.655049985617
4056.9501167624258 1081.2137845719699 4048.1485065151937 1076.4949304072652 9037.745959076536 9046.836094652343
4040.383920725435 1070.1542819123715 4032.6233150975313 1063.8083126125857 9055.926857792672 9065.01776688377
4024.8627093706746 1057.4623438508715 4017.102103541605 1051.1163756158203 9074.108675974503 9083.1995850656
4009.7235040827654 1044.3238064325415 4002.4917217039037 1037.359885194106 9092.284543823553 9101.375452914564
3995.259939144831 1030.3959645137656 3988.028153571533 1023.4320474320557 9110.466362005576 9119.557271096544
3980.7963658268563 1016.4681330509484 3973.5645778996404 1009.5042192265391 9128.648180187392 9137.739089278211
3966.3327897933777 1002.5403059558012 3959.1010015038773 995.5763932417613 9146.82999836906 9155.920907460259
3951.8692130360287 988.6124810841866 3944.6374243891332 981.6485694888979 9165.011816551107 9174.102725641926
3938.6379279491957 973.6503162116278 3933.290348973591 965.1102293229196 9183.133050706678 9192.223959797411
3927.9427696028724 956.5701429510955 3922.5951898423955 948.0300570905674 9201.314868888161 9210.405777979293
3917.2476096861064 939.4899717469234 3911.900029138429 930.9498869187664 9219.496687070026 9228.587596161175
3906.552448197268 922.4098026133142 3901.2048668635543 913.8697188189253 9237.678505251908 9246.76941434304
3895.857285135193 905.3296355430502 3890.509703015443 896.7895527812652 9255.86032343379 9264.951232524523
3885.162120499648 888.2494705347344 3879.814537594095 879.7093888081145 9274.042141615655 9283.133050706405
3874.466954294825 871.1693075944204 3869.1193706016056 862.6292268959805 9292.223959797537 9301.31486888827
3863.771786514204 854.0891467158217 3858.424202035647 845.5490670513827 9310.405777979402 9319.496687070152
3853.076617163373 837.008987900801 3847.7290318976156 828.4689092715271 9328.587596160885 9337.678505252017
3842.3814462407026 819.9288311605342 3837.0338601870462 811.3887535566464 9346.769414342767 9355.860323433899
3831.686273739906 802.8486764782574 3826.3386869016103 794.3085999123286 9364.951232524632 9374.04214161578
3820.9910996691324 785.7685238663107 3815.643512045266 777.22844833415 9383.133050706514 9392.223959797248
3810.295924029313 768.6883733191062 3804.948335614521 760.1482988167554 9401.31486888838 9410.40577797913
3799.600746810669 751.6082248354796 3793.4913290578406 743.7496615932323 9419.496687070261 9428.48920623149
3785.8306632735766 737.2788012030069 3778.16999737476 730.8079413508531 9437.580115322538 9446.67102441322
3770.509331362089 724.3370820367709 3762.848665227415 717.8662232595962 9455.761933504235 9464.85284259525
3755.187998979818 711.395365026081 3747.5273326148745 704.9245073266793 9473.94375168593 9483.034660776979
3739.866666134214 698.4536501695402 3734.5724927079864 690.6070889730472 9492.125569867994 9500.669062144627
3733.4387322317343 680.5799183906056 3732.3049712192733 670.5527478605509 9509.759971235837 9518.850880326632
3731.171209667111 660.5255773984827 3730.0374475782737 650.4984069960192 9527.941789417422 9537.032698508217
3728.903684954392 640.4712366587482 3727.769921791507 630.4440663750283 9546.123607599427 9555.214516690223
3726.6361580919474 620.4168961609248 3725.5023938515224 610.3897259992082 9564.305425781013 9573.39633487223
3724.3686290783808 600.3625559038483 3723.2348637662362 590.33538586949 9582.48724396302 9591.578153053815
3722.1010979192797 580.3082158947363 3720.175096420571 570.4810329899192 9600.669062144605 9609.687906773332
3716.4123923436273 561.1174962394871 3712.6496877686586 551.753959875321 9618.778815864416 9627.869724955082
3708.886982697062 542.3904238964897 3705.1242771281395 533.026888301596 9636.960634046167 9646.051543137251
3701.3615710635204 523.6633530945983 3697.598864503205 514.2998182757292 9655.142452227918 9664.233361319002
3693.836157445563 504.93628383637406 3687.7948283893056 496.9752037215512 9673.324270409668 9682.351266030046
3681.3148872936144 489.2840824511368 3674.834945918061 481.59296174440533 9691.442175121001 9700.533084211607
3668.3550042603165 473.90184158994816 3661.8750623255037 466.21072200639173 9709.623993302588 9718.714902393569
3655.39512011013 458.51960297930054 3648.9151776179206 450.8284845186863 9727.80581148455 9736.89672057553
3642.4352348474786 443.13736662175506 3635.9552917953115 435.4462492770981 9745.987629666486 9755.078538757092
3629.475348464912 427.75513250171207 3622.995404858608 420.06401629024185 9764.169447848073 9773.260356939054
3616.515460971277 412.3729006422218 3610.5530656329356 404.3686540753115 9782.351266030035 9791.365456364594
3607.1826172487345 394.8549249419011 3603.8121683504432 385.3411961540114 9800.456365455693 9809.547274546372
3600.4417189387605 375.8274677018635 3597.071269016713 366.3137396022212 9818.638183637471 9827.72909272815
3593.700818580808 356.8000118455384 3590.3303676345386 347.2862844299525 9836.82000181925 9845.910910909928
3586.9599161746446 337.7725573598873 3584.64648446464 328.11414732574485 9855.001820001027 9863.945826779132
3585.5090856002644 318.0779498065822 3586.3716862648726 308.04175205505453 9873.036735869999 9882.127644960865
3587.234286460094 298.00555408536457 3588.0968861812726 287.9693558977451 9891.218554051731 9900.309463142614
3588.959485430736 277.9331574847456 3589.8220842087176 267.89695885241963 9909.40037223348 9918.49128132475
3590.6846825145185 257.8607599963434 3591.547280349303 247.82456092187203 9927.582190415616 9936.673099506499
3589.479120265227 238.24627076252364 3585.527045777533 228.96232847776264 9945.49790742064 9954.588816511538
3581.5749708029907 219.67838659510016 3577.622895341832 210.39444511896 9963.679725602435 9972.770634693332
3573.6708193914965 201.1105040521361 3569.7187429538462 191.82656338741072 9981.861543784229 9990.952452875126
3561.0344589494634 186.9482393716462 3552.281331563834 182.13400803296827 10000.01536418869 10009.106273279596
3543.5282042596955 177.31977711222135 3534.775077036349 172.5055466077756 10018.197182370503 10027.288091461449
3526.0219498954248 167.6913165168371 3517.268822837621 162.8770868408028 10036.379000552355 10045.469909643261
3508.5156958615407 158.06285758549348 3499.7625689664856 153.24862874648534 10054.560818734168 10063.651727825074
3491.0094421568792 148.4344003223814 3482.2563154220115 143.62017231062055 10072.74263691598 10081.833546006887
3473.5031887730584 138.8059447221458 3465.983935687691 132.87320905248635 10090.924455097793 10099.612899660116
3463.215370957041 123.16568264761008 3460.4468056941405 113.45815652050078 10108.70380875103 10117.794717841944
3457.6782399041113 103.75063066370785 3454.9096735825296 94.04310509003699 10126.885626932857 10135.97653602377
3452.141106730094 84.3355797813274 3449.3725393484347 74.62805475457571 10145.067445114684 10154.158354205598
3446.6039714382496 64.92053000233136 3443.8354029972106 55.21300552645698 10163.249263296513 10172.340172387427
3441.0668340260163 45.505481326486915 3438.298264526762 35.79795740288682 10181.43108147834 10190.521990569254
3435.5296944959555 26.09043375402689 3432.7611239349935 16.382910378510132 10199.612899660167 10208.703808751081